# Data printout from CCMC-simulation: version 1D-1.3
# Data type:  SWMF  Magnetosphere
# Run name:   Espen_Fredrick_050523_9
# Missing data:  -1.09951e+12
# year mo dy hr mi se JrPHI_N I_N DPhi_N JrPHI_S I_S DPhi_S Wdiss Wdiss_N Wdiss_S 
# year mo day hour min s GW MA kV GW MA kV GW GW GW 
  2.01500E+03  3.00000E+00  1.60000E+01  4.00000E+00  2.00000E+01  0.00000E+00  2.75183E+00  2.31259E-01  2.19368E+01  3.95200E+00  3.90110E-01  1.75682E+01  6.78022E+00  2.78607E+00  3.99417E+00
  2.01500E+03  3.00000E+00  1.60000E+01  4.00000E+00  2.20000E+01  0.00000E+00  3.53386E+00  3.20122E-01  2.35332E+01  6.06381E+00  5.24176E-01  2.09120E+01  9.68176E+00  3.57099E+00  6.11081E+00
  2.01500E+03  3.00000E+00  1.60000E+01  4.00000E+00  2.40000E+01  0.00000E+00  4.22913E+00  3.61996E-01  2.48768E+01  6.75544E+00  5.58376E-01  2.22810E+01  1.10846E+01  4.27160E+00  6.81302E+00
  2.01500E+03  3.00000E+00  1.60000E+01  4.00000E+00  2.60000E+01  0.00000E+00  4.84385E+00  3.89063E-01  2.60448E+01  7.23682E+00  5.83672E-01  2.31229E+01  1.22010E+01  4.89163E+00  7.30942E+00
  2.01500E+03  3.00000E+00  1.60000E+01  4.00000E+00  2.80000E+01  0.00000E+00  5.17008E+00  4.04118E-01  2.66476E+01  7.47958E+00  5.95745E-01  2.34677E+01  1.27796E+01  5.21920E+00  7.56044E+00
  2.01500E+03  3.00000E+00  1.60000E+01  4.00000E+00  3.00000E+01  0.00000E+00  5.39224E+00  4.20937E-01  2.67076E+01  7.62407E+00  6.03906E-01  2.36029E+01  1.31568E+01  5.44526E+00  7.71155E+00
  2.01500E+03  3.00000E+00  1.60000E+01  4.00000E+00  3.20000E+01  0.00000E+00  5.58869E+00  4.26723E-01  2.70033E+01  7.63523E+00  6.05377E-01  2.35371E+01  1.33637E+01  5.63730E+00  7.72643E+00
  2.01500E+03  3.00000E+00  1.60000E+01  4.00000E+00  3.40000E+01  0.00000E+00  4.91278E+00  4.03624E-01  2.58422E+01  7.19225E+00  5.81656E-01  2.29068E+01  1.22082E+01  4.94161E+00  7.26665E+00
  2.01500E+03  3.00000E+00  1.60000E+01  4.00000E+00  3.60000E+01  0.00000E+00  4.49493E+00  3.87921E-01  2.45425E+01  7.26815E+00  5.77432E-01  2.27659E+01  1.18470E+01  4.51893E+00  7.32813E+00
  2.01500E+03  3.00000E+00  1.60000E+01  4.00000E+00  3.80000E+01  0.00000E+00  5.84146E+00  4.27037E-01  2.73362E+01  8.56687E+00  6.24286E-01  2.45910E+01  1.45322E+01  5.88745E+00  8.64472E+00
  2.01500E+03  3.00000E+00  1.60000E+01  4.00000E+00  4.00000E+01  0.00000E+00  4.83080E+00  3.86820E-01  2.63153E+01  8.16250E+00  5.90647E-01  2.41990E+01  1.30254E+01  4.82574E+00  8.19978E+00
  2.01500E+03  3.00000E+00  1.60000E+01  4.00000E+00  4.20000E+01  0.00000E+00  6.28651E+00  4.02390E-01  2.98433E+01  1.09567E+01  6.69698E-01  2.70692E+01  1.72917E+01  6.28541E+00  1.10063E+01
  2.01500E+03  3.00000E+00  1.60000E+01  4.00000E+00  4.40000E+01  0.00000E+00  1.18263E+01  5.54727E-01  3.89110E+01  1.62660E+01  8.36704E-01  3.36361E+01  2.83815E+01  1.19432E+01  1.64383E+01
  2.01500E+03  3.00000E+00  1.60000E+01  4.00000E+00  4.60000E+01  0.00000E+00  1.65853E+01  6.54629E-01  4.50040E+01  1.99507E+01  9.20747E-01  3.74532E+01  3.70943E+01  1.67865E+01  2.03080E+01
  2.01500E+03  3.00000E+00  1.60000E+01  4.00000E+00  4.80000E+01  0.00000E+00  1.73727E+01  6.78189E-01  4.61430E+01  2.04809E+01  9.23399E-01  3.74858E+01  3.84374E+01  1.75840E+01  2.08534E+01
  2.01500E+03  3.00000E+00  1.60000E+01  4.00000E+00  5.00000E+01  0.00000E+00  1.91656E+01  7.14717E-01  4.64030E+01  2.50440E+01  1.01240E+00  4.03807E+01  4.50001E+01  1.94787E+01  2.55215E+01
  2.01500E+03  3.00000E+00  1.60000E+01  4.00000E+00  5.20000E+01  0.00000E+00  2.41001E+01  7.80122E-01  5.30110E+01  3.07548E+01  1.08067E+00  4.54391E+01  5.59705E+01  2.45678E+01  3.14028E+01
  2.01500E+03  3.00000E+00  1.60000E+01  4.00000E+00  5.40000E+01  0.00000E+00  2.45124E+01  7.82912E-01  5.48120E+01  3.16253E+01  1.06653E+00  4.62010E+01  5.72846E+01  2.49933E+01  3.22914E+01
  2.01500E+03  3.00000E+00  1.60000E+01  4.00000E+00  5.60000E+01  0.00000E+00  2.28389E+01  7.64157E-01  5.31420E+01  2.93066E+01  1.02429E+00  4.45023E+01  5.31717E+01  2.32564E+01  2.99156E+01
  2.01500E+03  3.00000E+00  1.60000E+01  4.00000E+00  5.80000E+01  0.00000E+00  2.45586E+01  7.86874E-01  5.40540E+01  3.07947E+01  1.04737E+00  4.54540E+01  5.65450E+01  2.50613E+01  3.14836E+01
  2.01500E+03  3.00000E+00  1.60000E+01  5.00000E+00  0.00000E+00  0.00000E+00  2.38279E+01  7.74163E-01  5.43480E+01  2.97847E+01  1.02504E+00  4.47890E+01  5.47876E+01  2.43165E+01  3.04714E+01
  2.01500E+03  3.00000E+00  1.60000E+01  5.00000E+00  2.00000E+00  0.00000E+00  2.66750E+01  8.03158E-01  5.61910E+01  3.31516E+01  1.06637E+00  4.70960E+01  6.13282E+01  2.73111E+01  3.40172E+01
  2.01500E+03  3.00000E+00  1.60000E+01  5.00000E+00  4.00000E+00  0.00000E+00  3.01904E+01  8.33667E-01  6.00490E+01  3.68500E+01  1.10209E+00  5.01020E+01  6.88550E+01  3.09484E+01  3.79064E+01
  2.01500E+03  3.00000E+00  1.60000E+01  5.00000E+00  6.00000E+00  0.00000E+00  3.76321E+01  9.02442E-01  6.62500E+01  4.30458E+01  1.16031E+00  5.49130E+01  8.30218E+01  3.86190E+01  4.44031E+01
  2.01500E+03  3.00000E+00  1.60000E+01  5.00000E+00  8.00000E+00  0.00000E+00  4.15029E+01  9.24989E-01  7.01020E+01  4.57651E+01  1.17481E+00  5.73790E+01  8.98391E+01  4.25311E+01  4.73084E+01
  2.01500E+03  3.00000E+00  1.60000E+01  5.00000E+00  1.00000E+01  0.00000E+00  4.65049E+01  9.66799E-01  7.32410E+01  4.97002E+01  1.19884E+00  6.01030E+01  9.89721E+01  4.75508E+01  5.14212E+01
  2.01500E+03  3.00000E+00  1.60000E+01  5.00000E+00  1.20000E+01  0.00000E+00  4.73457E+01  9.63242E-01  7.43470E+01  4.94464E+01  1.18832E+00  6.02650E+01  9.95854E+01  4.83656E+01  5.12202E+01
  2.01500E+03  3.00000E+00  1.60000E+01  5.00000E+00  1.40000E+01  0.00000E+00  5.41291E+01  1.01504E+00  7.83430E+01  5.42474E+01  1.24065E+00  6.22550E+01  1.11607E+02  5.53553E+01  5.62527E+01
  2.01500E+03  3.00000E+00  1.60000E+01  5.00000E+00  1.60000E+01  0.00000E+00  6.53401E+01  1.11901E+00  8.54140E+01  6.06859E+01  1.28992E+00  6.63260E+01  1.29789E+02  6.68425E+01  6.29460E+01
  2.01500E+03  3.00000E+00  1.60000E+01  5.00000E+00  1.80000E+01  0.00000E+00  6.55723E+01  1.10580E+00  8.77600E+01  5.88840E+01  1.26826E+00  6.63440E+01  1.28125E+02  6.70699E+01  6.10557E+01
  2.01500E+03  3.00000E+00  1.60000E+01  5.00000E+00  2.00000E+01  0.00000E+00  6.57952E+01  1.11059E+00  8.68690E+01  6.01123E+01  1.29318E+00  6.63210E+01  1.29667E+02  6.73206E+01  6.23465E+01
  2.01500E+03  3.00000E+00  1.60000E+01  5.00000E+00  2.20000E+01  0.00000E+00  7.06127E+01  1.13972E+00  9.02640E+01  6.42243E+01  1.33851E+00  6.83280E+01  1.39009E+02  7.23252E+01  6.66843E+01
  2.01500E+03  3.00000E+00  1.60000E+01  5.00000E+00  2.40000E+01  0.00000E+00  7.89437E+01  1.19974E+00  9.51410E+01  7.24359E+01  1.42730E+00  7.21650E+01  1.56214E+02  8.09493E+01  7.52645E+01
  2.01500E+03  3.00000E+00  1.60000E+01  5.00000E+00  2.60000E+01  0.00000E+00  9.12128E+01  1.29505E+00  1.01232E+02  8.31766E+01  1.52718E+00  7.71510E+01  1.80024E+02  9.35770E+01  8.64461E+01
  2.01500E+03  3.00000E+00  1.60000E+01  5.00000E+00  2.80000E+01  0.00000E+00  9.81049E+01  1.36318E+00  1.03245E+02  9.07464E+01  1.59500E+00  8.06740E+01  1.94932E+02  1.00579E+02  9.43529E+01
  2.01500E+03  3.00000E+00  1.60000E+01  5.00000E+00  3.00000E+01  0.00000E+00  1.02612E+02  1.40849E+00  1.04472E+02  9.51814E+01  1.63941E+00  8.22660E+01  2.04101E+02  1.05176E+02  9.89242E+01
  2.01500E+03  3.00000E+00  1.60000E+01  5.00000E+00  3.20000E+01  0.00000E+00  1.05327E+02  1.43679E+00  1.04998E+02  9.79935E+01  1.66900E+00  8.34740E+01  2.09758E+02  1.07920E+02  1.01838E+02
  2.01500E+03  3.00000E+00  1.60000E+01  5.00000E+00  3.20000E+01  0.00000E+00  1.05327E+02  1.43679E+00  1.04998E+02  9.79935E+01  1.66900E+00  8.34740E+01  2.09758E+02  1.07920E+02  1.01838E+02
  2.01500E+03  3.00000E+00  1.60000E+01  5.00000E+00  3.40000E+01  0.00000E+00  1.07427E+02  1.44791E+00  1.06220E+02  9.86859E+01  1.67985E+00  8.39760E+01  2.12642E+02  1.10095E+02  1.02548E+02
  2.01500E+03  3.00000E+00  1.60000E+01  5.00000E+00  3.40000E+01  0.00000E+00  1.07427E+02  1.44791E+00  1.06220E+02  9.86859E+01  1.67985E+00  8.39760E+01  2.12642E+02  1.10095E+02  1.02548E+02
  2.01500E+03  3.00000E+00  1.60000E+01  5.00000E+00  3.60000E+01  0.00000E+00  1.08994E+02  1.43188E+00  1.09729E+02  9.79946E+01  1.68023E+00  8.37840E+01  2.13869E+02  1.12084E+02  1.01785E+02
  2.01500E+03  3.00000E+00  1.60000E+01  5.00000E+00  3.60000E+01  0.00000E+00  1.08994E+02  1.43188E+00  1.09729E+02  9.79946E+01  1.68023E+00  8.37840E+01  2.13869E+02  1.12084E+02  1.01785E+02
  2.01500E+03  3.00000E+00  1.60000E+01  5.00000E+00  3.80000E+01  0.00000E+00  1.07166E+02  1.41817E+00  1.09648E+02  9.72327E+01  1.67706E+00  8.35750E+01  2.11595E+02  1.10678E+02  1.00916E+02
  2.01500E+03  3.00000E+00  1.60000E+01  5.00000E+00  3.80000E+01  0.00000E+00  1.07166E+02  1.41817E+00  1.09648E+02  9.72327E+01  1.67706E+00  8.35750E+01  2.11595E+02  1.10678E+02  1.00916E+02
  2.01500E+03  3.00000E+00  1.60000E+01  5.00000E+00  4.00000E+01  0.00000E+00  1.02984E+02  1.39999E+00  1.06631E+02  9.67440E+01  1.68081E+00  8.30970E+01  2.06425E+02  1.05958E+02  1.00468E+02
  2.01500E+03  3.00000E+00  1.60000E+01  5.00000E+00  4.00000E+01  0.00000E+00  1.02984E+02  1.39999E+00  1.06631E+02  9.67440E+01  1.68081E+00  8.30970E+01  2.06425E+02  1.05958E+02  1.00468E+02
  2.01500E+03  3.00000E+00  1.60000E+01  5.00000E+00  4.20000E+01  0.00000E+00  1.12237E+02  1.46542E+00  1.09946E+02  1.05917E+02  1.76451E+00  8.58870E+01  2.25555E+02  1.15480E+02  1.10074E+02
  2.01500E+03  3.00000E+00  1.60000E+01  5.00000E+00  4.20000E+01  0.00000E+00  1.12237E+02  1.46542E+00  1.09946E+02  1.05917E+02  1.76451E+00  8.58870E+01  2.25555E+02  1.15480E+02  1.10074E+02
  2.01500E+03  3.00000E+00  1.60000E+01  5.00000E+00  4.40000E+01  0.00000E+00  1.19749E+02  1.51243E+00  1.13703E+02  1.12745E+02  1.81517E+00  8.87670E+01  2.40486E+02  1.23354E+02  1.17132E+02
  2.01500E+03  3.00000E+00  1.60000E+01  5.00000E+00  4.40000E+01  0.00000E+00  1.19749E+02  1.51243E+00  1.13703E+02  1.12745E+02  1.81517E+00  8.87670E+01  2.40486E+02  1.23354E+02  1.17132E+02
  2.01500E+03  3.00000E+00  1.60000E+01  5.00000E+00  4.60000E+01  0.00000E+00  1.19741E+02  1.52014E+00  1.13336E+02  1.13546E+02  1.82161E+00  8.90670E+01  2.41250E+02  1.23306E+02  1.17945E+02
  2.01500E+03  3.00000E+00  1.60000E+01  5.00000E+00  4.60000E+01  0.00000E+00  1.19741E+02  1.52014E+00  1.13336E+02  1.13546E+02  1.82161E+00  8.90670E+01  2.41250E+02  1.23306E+02  1.17945E+02
  2.01500E+03  3.00000E+00  1.60000E+01  5.00000E+00  4.80000E+01  0.00000E+00  1.17423E+02  1.50957E+00  1.12246E+02  1.11503E+02  1.80446E+00  8.82840E+01  2.36639E+02  1.20818E+02  1.15822E+02
  2.01500E+03  3.00000E+00  1.60000E+01  5.00000E+00  4.80000E+01  0.00000E+00  1.17423E+02  1.50957E+00  1.12246E+02  1.11503E+02  1.80446E+00  8.82840E+01  2.36639E+02  1.20818E+02  1.15822E+02
  2.01500E+03  3.00000E+00  1.60000E+01  5.00000E+00  5.00000E+01  0.00000E+00  1.15352E+02  1.49801E+00  1.10580E+02  1.11776E+02  1.82081E+00  8.77150E+01  2.34825E+02  1.18612E+02  1.16213E+02
  2.01500E+03  3.00000E+00  1.60000E+01  5.00000E+00  5.00000E+01  0.00000E+00  1.15352E+02  1.49801E+00  1.10580E+02  1.11776E+02  1.82081E+00  8.77150E+01  2.34825E+02  1.18612E+02  1.16213E+02
  2.01500E+03  3.00000E+00  1.60000E+01  5.00000E+00  5.20000E+01  0.00000E+00  1.21263E+02  1.53014E+00  1.13538E+02  1.16917E+02  1.85576E+00  9.00410E+01  2.46333E+02  1.24788E+02  1.21546E+02
  2.01500E+03  3.00000E+00  1.60000E+01  5.00000E+00  5.20000E+01  0.00000E+00  1.21263E+02  1.53014E+00  1.13538E+02  1.16917E+02  1.85576E+00  9.00410E+01  2.46333E+02  1.24788E+02  1.21546E+02
  2.01500E+03  3.00000E+00  1.60000E+01  5.00000E+00  5.40000E+01  0.00000E+00  1.17126E+02  1.50151E+00  1.11725E+02  1.10915E+02  1.81024E+00  8.83940E+01  2.35815E+02  1.20564E+02  1.15250E+02
  2.01500E+03  3.00000E+00  1.60000E+01  5.00000E+00  5.40000E+01  0.00000E+00  1.17126E+02  1.50151E+00  1.11725E+02  1.10915E+02  1.81024E+00  8.83940E+01  2.35815E+02  1.20564E+02  1.15250E+02
  2.01500E+03  3.00000E+00  1.60000E+01  5.00000E+00  5.60000E+01  0.00000E+00  1.11003E+02  1.46681E+00  1.08843E+02  1.05292E+02  1.77593E+00  8.61110E+01  2.24104E+02  1.14692E+02  1.09413E+02
  2.01500E+03  3.00000E+00  1.60000E+01  5.00000E+00  5.60000E+01  0.00000E+00  1.11003E+02  1.46681E+00  1.08843E+02  1.05292E+02  1.77593E+00  8.61110E+01  2.24104E+02  1.14692E+02  1.09413E+02
  2.01500E+03  3.00000E+00  1.60000E+01  5.00000E+00  5.80000E+01  0.00000E+00  1.12316E+02  1.48312E+00  1.08894E+02  1.06815E+02  1.79420E+00  8.62170E+01  2.26576E+02  1.15531E+02  1.11044E+02
  2.01500E+03  3.00000E+00  1.60000E+01  5.00000E+00  5.80000E+01  0.00000E+00  1.12316E+02  1.48312E+00  1.08894E+02  1.06815E+02  1.79420E+00  8.62170E+01  2.26576E+02  1.15531E+02  1.11044E+02
  2.01500E+03  3.00000E+00  1.60000E+01  6.00000E+00  0.00000E+00  0.00000E+00  1.13616E+02  1.49312E+00  1.09543E+02  1.08636E+02  1.80745E+00  8.69460E+01  2.29831E+02  1.16878E+02  1.12953E+02
  2.01500E+03  3.00000E+00  1.60000E+01  6.00000E+00  0.00000E+00  0.00000E+00  1.13616E+02  1.49312E+00  1.09543E+02  1.08636E+02  1.80745E+00  8.69460E+01  2.29831E+02  1.16878E+02  1.12953E+02
  2.01500E+03  3.00000E+00  1.60000E+01  6.00000E+00  2.00000E+00  0.00000E+00  1.10464E+02  1.47370E+00  1.08260E+02  1.07318E+02  1.79376E+00  8.68540E+01  2.25182E+02  1.13601E+02  1.11581E+02
  2.01500E+03  3.00000E+00  1.60000E+01  6.00000E+00  2.00000E+00  0.00000E+00  1.10464E+02  1.47370E+00  1.08260E+02  1.07318E+02  1.79376E+00  8.68540E+01  2.25182E+02  1.13601E+02  1.11581E+02
  2.01500E+03  3.00000E+00  1.60000E+01  6.00000E+00  4.00000E+00  0.00000E+00  1.12051E+02  1.49105E+00  1.08609E+02  1.08454E+02  1.80575E+00  8.70050E+01  2.28012E+02  1.15252E+02  1.12759E+02
  2.01500E+03  3.00000E+00  1.60000E+01  6.00000E+00  4.00000E+00  0.00000E+00  1.12051E+02  1.49105E+00  1.08609E+02  1.08454E+02  1.80575E+00  8.70050E+01  2.28012E+02  1.15252E+02  1.12759E+02
  2.01500E+03  3.00000E+00  1.60000E+01  6.00000E+00  6.00000E+00  0.00000E+00  1.09559E+02  1.46714E+00  1.08741E+02  1.04674E+02  1.74580E+00  8.69470E+01  2.21530E+02  1.12831E+02  1.08701E+02
  2.01500E+03  3.00000E+00  1.60000E+01  6.00000E+00  6.00000E+00  0.00000E+00  1.09559E+02  1.46714E+00  1.08741E+02  1.04674E+02  1.74580E+00  8.69470E+01  2.21530E+02  1.12831E+02  1.08701E+02
  2.01500E+03  3.00000E+00  1.60000E+01  6.00000E+00  8.00000E+00  0.00000E+00  9.27407E+01  1.36019E+00  1.00093E+02  9.31657E+01  1.65760E+00  8.16960E+01  1.92260E+02  9.54189E+01  9.68414E+01
  2.01500E+03  3.00000E+00  1.60000E+01  6.00000E+00  8.00000E+00  0.00000E+00  9.27407E+01  1.36019E+00  1.00093E+02  9.31657E+01  1.65760E+00  8.16960E+01  1.92260E+02  9.54189E+01  9.68414E+01
