# Data printout from CCMC-simulation: version 1D-1.3
# Data type:  LFM  Magnetosphere
# Run name:   Espen_Fredrick_050723_1
# Missing data:  -1.09951e+12
# year mo dy hr mi se JrPHI_N I_N DPhi_N JrPHI_S I_S DPhi_S Wdiss Wdiss_N Wdiss_S 
# year mo day hour min s GW MA kV GW MA kV GW GW GW 
  2.01500E+03  3.00000E+00  1.60000E+01  4.00000E+00  2.00000E+01  0.00000E+00  2.97919E+00  5.90894E-01  1.66934E+01  5.43447E+00  9.07178E-01  1.71626E+01  8.33234E+00  2.90790E+00  5.42445E+00
  2.01500E+03  3.00000E+00  1.60000E+01  4.00000E+00  2.20000E+01  0.00000E+00  2.89655E+00  5.84444E-01  1.65569E+01  5.21322E+00  8.94476E-01  1.67323E+01  8.02538E+00  2.82230E+00  5.20310E+00
  2.01500E+03  3.00000E+00  1.60000E+01  4.00000E+00  2.40000E+01  0.00000E+00  2.89452E+00  5.79386E-01  1.65485E+01  5.29284E+00  8.98959E-01  1.69581E+01  8.10425E+00  2.81885E+00  5.28540E+00
  2.01500E+03  3.00000E+00  1.60000E+01  4.00000E+00  2.60000E+01  0.00000E+00  2.89799E+00  5.66133E-01  1.73965E+01  5.30854E+00  8.86912E-01  1.73146E+01  8.13266E+00  2.82034E+00  5.31232E+00
  2.01500E+03  3.00000E+00  1.60000E+01  4.00000E+00  2.80000E+01  0.00000E+00  3.60029E+00  6.03173E-01  2.03832E+01  6.33066E+00  9.34934E-01  1.97761E+01  9.85687E+00  3.51197E+00  6.34487E+00
  2.01500E+03  3.00000E+00  1.60000E+01  4.00000E+00  3.00000E+01  0.00000E+00  3.48293E+00  5.90198E-01  1.98018E+01  6.02964E+00  9.07365E-01  1.88020E+01  9.44345E+00  3.39809E+00  6.04534E+00
  2.01500E+03  3.00000E+00  1.60000E+01  4.00000E+00  3.20000E+01  0.00000E+00  3.36917E+00  5.98116E-01  1.89998E+01  6.02999E+00  9.23342E-01  1.89109E+01  9.31917E+00  3.28609E+00  6.03306E+00
  2.01500E+03  3.00000E+00  1.60000E+01  4.00000E+00  3.40000E+01  0.00000E+00  3.37082E+00  6.08105E-01  1.86104E+01  5.88386E+00  9.15302E-01  1.80136E+01  9.18390E+00  3.29143E+00  5.89250E+00
  2.01500E+03  3.00000E+00  1.60000E+01  4.00000E+00  3.60000E+01  0.00000E+00  3.04683E+00  5.87426E-01  1.64269E+01  5.32615E+00  8.82745E-01  1.62943E+01  8.33493E+00  2.99034E+00  5.34459E+00
  2.01500E+03  3.00000E+00  1.60000E+01  4.00000E+00  3.80000E+01  0.00000E+00  2.72405E+00  5.60835E-01  1.54747E+01  4.85669E+00  8.48143E-01  1.53312E+01  7.58284E+00  2.68658E+00  4.89626E+00
  2.01500E+03  3.00000E+00  1.60000E+01  4.00000E+00  4.00000E+01  0.00000E+00  2.57423E+00  5.39433E-01  1.61892E+01  4.84719E+00  8.51925E-01  1.53780E+01  7.45172E+00  2.54756E+00  4.90418E+00
  2.01500E+03  3.00000E+00  1.60000E+01  4.00000E+00  4.20000E+01  0.00000E+00  2.46814E+00  5.20189E-01  1.61391E+01  5.07417E+00  8.56818E-01  1.60797E+01  7.64403E+00  2.45776E+00  5.18628E+00
  2.01500E+03  3.00000E+00  1.60000E+01  4.00000E+00  4.40000E+01  0.00000E+00  2.98773E+00  5.41424E-01  1.82955E+01  6.60160E+00  9.11534E-01  1.96419E+01  9.81379E+00  2.98334E+00  6.83048E+00
  2.01500E+03  3.00000E+00  1.60000E+01  4.00000E+00  4.60000E+01  0.00000E+00  4.21139E+00  5.82230E-01  2.29588E+01  9.44149E+00  9.91391E-01  2.48569E+01  1.40401E+01  4.22282E+00  9.81726E+00
  2.01500E+03  3.00000E+00  1.60000E+01  4.00000E+00  4.80000E+01  0.00000E+00  6.54390E+00  6.46796E-01  3.07543E+01  1.22753E+01  1.06097E+00  2.93967E+01  1.93337E+01  6.56949E+00  1.27643E+01
  2.01500E+03  3.00000E+00  1.60000E+01  4.00000E+00  5.00000E+01  0.00000E+00  9.61787E+00  7.08937E-01  3.81465E+01  1.57881E+01  1.14299E+00  3.42765E+01  2.60745E+01  9.64778E+00  1.64268E+01
  2.01500E+03  3.00000E+00  1.60000E+01  4.00000E+00  5.20000E+01  0.00000E+00  1.05185E+01  7.19505E-01  4.05907E+01  1.76711E+01  1.17723E+00  3.61573E+01  2.89790E+01  1.05576E+01  1.84215E+01
  2.01500E+03  3.00000E+00  1.60000E+01  4.00000E+00  5.40000E+01  0.00000E+00  1.21457E+01  7.46469E-01  4.37722E+01  2.08116E+01  1.22066E+00  3.99823E+01  3.39366E+01  1.21695E+01  2.17672E+01
  2.01500E+03  3.00000E+00  1.60000E+01  4.00000E+00  5.60000E+01  0.00000E+00  1.24676E+01  7.63604E-01  4.52715E+01  2.21224E+01  1.23627E+00  4.16467E+01  3.56391E+01  1.24725E+01  2.31667E+01
  2.01500E+03  3.00000E+00  1.60000E+01  4.00000E+00  5.80000E+01  0.00000E+00  1.17549E+01  7.48724E-01  4.40130E+01  2.21078E+01  1.24129E+00  4.17903E+01  3.48819E+01  1.17295E+01  2.31526E+01
  2.01500E+03  3.00000E+00  1.60000E+01  5.00000E+00  0.00000E+00  0.00000E+00  1.05531E+01  7.36959E-01  4.17844E+01  2.10376E+01  1.21641E+00  4.10868E+01  3.25205E+01  1.05122E+01  2.20084E+01
  2.01500E+03  3.00000E+00  1.60000E+01  5.00000E+00  2.00000E+00  0.00000E+00  1.02255E+01  7.33983E-01  4.04228E+01  2.07130E+01  1.21482E+00  4.15641E+01  3.17397E+01  1.01516E+01  2.15882E+01
  2.01500E+03  3.00000E+00  1.60000E+01  5.00000E+00  4.00000E+00  0.00000E+00  1.04497E+01  7.47452E-01  3.98880E+01  2.09550E+01  1.23698E+00  4.17897E+01  3.21373E+01  1.03547E+01  2.17827E+01
  2.01500E+03  3.00000E+00  1.60000E+01  5.00000E+00  6.00000E+00  0.00000E+00  1.09627E+01  7.59166E-01  4.01352E+01  2.13234E+01  1.25267E+00  4.20937E+01  3.29217E+01  1.08582E+01  2.20636E+01
  2.01500E+03  3.00000E+00  1.60000E+01  5.00000E+00  8.00000E+00  0.00000E+00  1.11674E+01  7.75480E-01  4.05180E+01  2.07066E+01  1.25361E+00  4.15645E+01  3.23921E+01  1.10510E+01  2.13411E+01
  2.01500E+03  3.00000E+00  1.60000E+01  5.00000E+00  1.00000E+01  0.00000E+00  1.06581E+01  7.79159E-01  3.94229E+01  1.93607E+01  1.23918E+00  4.03159E+01  3.03940E+01  1.05187E+01  1.98753E+01
  2.01500E+03  3.00000E+00  1.60000E+01  5.00000E+00  1.20000E+01  0.00000E+00  1.01320E+01  7.76452E-01  3.83159E+01  1.84749E+01  1.23107E+00  3.91144E+01  2.89085E+01  9.99162E+00  1.89169E+01
  2.01500E+03  3.00000E+00  1.60000E+01  5.00000E+00  1.40000E+01  0.00000E+00  9.45336E+00  7.57972E-01  3.74335E+01  1.72394E+01  1.21110E+00  3.74961E+01  2.69521E+01  9.32231E+00  1.76297E+01
  2.01500E+03  3.00000E+00  1.60000E+01  5.00000E+00  1.60000E+01  0.00000E+00  8.78943E+00  7.51729E-01  3.60066E+01  1.61982E+01  1.19871E+00  3.63898E+01  2.52083E+01  8.65371E+00  1.65546E+01
  2.01500E+03  3.00000E+00  1.60000E+01  5.00000E+00  1.80000E+01  0.00000E+00  8.09822E+00  7.38814E-01  3.47255E+01  1.54785E+01  1.19490E+00  3.56255E+01  2.37991E+01  7.98428E+00  1.58148E+01
  2.01500E+03  3.00000E+00  1.60000E+01  5.00000E+00  2.00000E+01  0.00000E+00  7.62891E+00  7.12728E-01  3.39827E+01  1.49395E+01  1.18884E+00  3.49750E+01  2.27754E+01  7.52297E+00  1.52525E+01
  2.01500E+03  3.00000E+00  1.60000E+01  5.00000E+00  2.20000E+01  0.00000E+00  7.29694E+00  7.10943E-01  3.29796E+01  1.41766E+01  1.17379E+00  3.37740E+01  2.16612E+01  7.20041E+00  1.44607E+01
  2.01500E+03  3.00000E+00  1.60000E+01  5.00000E+00  2.40000E+01  0.00000E+00  6.72847E+00  6.92854E-01  3.09857E+01  1.32981E+01  1.16297E+00  3.22981E+01  2.01766E+01  6.64161E+00  1.35350E+01
  2.01500E+03  3.00000E+00  1.60000E+01  5.00000E+00  2.60000E+01  0.00000E+00  6.30924E+00  6.80424E-01  2.90127E+01  1.28063E+01  1.16105E+00  3.09224E+01  1.92356E+01  6.22718E+00  1.30084E+01
  2.01500E+03  3.00000E+00  1.60000E+01  5.00000E+00  2.80000E+01  0.00000E+00  6.24896E+00  6.83630E-01  2.83428E+01  1.28579E+01  1.16456E+00  3.02611E+01  1.91870E+01  6.15339E+00  1.30336E+01
  2.01500E+03  3.00000E+00  1.60000E+01  5.00000E+00  3.00000E+01  0.00000E+00  6.32989E+00  6.97515E-01  2.80628E+01  1.27664E+01  1.18260E+00  2.94732E+01  1.91742E+01  6.24494E+00  1.29293E+01
  2.01500E+03  3.00000E+00  1.60000E+01  5.00000E+00  3.20000E+01  0.00000E+00  6.54275E+00  6.95858E-01  2.84070E+01  1.26647E+01  1.15040E+00  2.90870E+01  1.93028E+01  6.45641E+00  1.28464E+01
  2.01500E+03  3.00000E+00  1.60000E+01  5.00000E+00  3.40000E+01  0.00000E+00  7.12799E+00  7.13553E-01  2.99271E+01  1.36828E+01  1.16698E+00  2.99633E+01  2.09118E+01  7.03597E+00  1.38759E+01
  2.01500E+03  3.00000E+00  1.60000E+01  5.00000E+00  3.60000E+01  0.00000E+00  7.95702E+00  7.39809E-01  3.13320E+01  1.43323E+01  1.17662E+00  3.06968E+01  2.24538E+01  7.87812E+00  1.45758E+01
  2.01500E+03  3.00000E+00  1.60000E+01  5.00000E+00  3.80000E+01  0.00000E+00  1.03346E+01  7.73747E-01  3.43950E+01  1.71875E+01  1.19928E+00  3.36647E+01  2.77863E+01  1.02735E+01  1.75128E+01
  2.01500E+03  3.00000E+00  1.60000E+01  5.00000E+00  4.00000E+01  0.00000E+00  1.38486E+01  8.14380E-01  4.21594E+01  2.19355E+01  1.26598E+00  3.94088E+01  3.61329E+01  1.38034E+01  2.23296E+01
  2.01500E+03  3.00000E+00  1.60000E+01  5.00000E+00  4.20000E+01  0.00000E+00  1.83858E+01  8.75089E-01  5.10395E+01  2.72273E+01  1.31226E+00  4.51515E+01  4.60323E+01  1.83893E+01  2.76430E+01
  2.01500E+03  3.00000E+00  1.60000E+01  5.00000E+00  4.40000E+01  0.00000E+00  2.39036E+01  9.52612E-01  6.00875E+01  3.22030E+01  1.36514E+00  4.98093E+01  5.66146E+01  2.39812E+01  3.26334E+01
  2.01500E+03  3.00000E+00  1.60000E+01  5.00000E+00  4.60000E+01  0.00000E+00  3.02889E+01  1.00994E+00  6.97475E+01  3.90188E+01  1.45751E+00  5.60959E+01  6.99146E+01  3.04173E+01  3.94972E+01
  2.01500E+03  3.00000E+00  1.60000E+01  5.00000E+00  4.80000E+01  0.00000E+00  3.73643E+01  1.05935E+00  7.94517E+01  4.89342E+01  1.55310E+00  6.41701E+01  8.71665E+01  3.76339E+01  4.95323E+01
  2.01500E+03  3.00000E+00  1.60000E+01  5.00000E+00  5.00000E+01  0.00000E+00  4.80989E+01  1.16056E+00  9.15459E+01  5.92265E+01  1.63480E+00  7.20515E+01  1.08590E+02  4.86280E+01  5.99618E+01
  2.01500E+03  3.00000E+00  1.60000E+01  5.00000E+00  5.20000E+01  0.00000E+00  5.15808E+01  1.17880E+00  9.50805E+01  7.11420E+01  1.75793E+00  8.03655E+01  1.24258E+02  5.21748E+01  7.20828E+01
  2.01500E+03  3.00000E+00  1.60000E+01  5.00000E+00  5.40000E+01  0.00000E+00  5.90418E+01  1.23715E+00  1.01074E+02  7.76981E+01  1.85657E+00  8.41858E+01  1.38466E+02  5.97660E+01  7.87004E+01
  2.01500E+03  3.00000E+00  1.60000E+01  5.00000E+00  5.60000E+01  0.00000E+00  6.77651E+01  1.30633E+00  1.09126E+02  8.78748E+01  1.92541E+00  8.94040E+01  1.57713E+02  6.86143E+01  8.90985E+01
  2.01500E+03  3.00000E+00  1.60000E+01  5.00000E+00  5.80000E+01  0.00000E+00  7.40760E+01  1.36990E+00  1.14831E+02  1.00070E+02  2.04647E+00  9.56588E+01  1.76434E+02  7.49477E+01  1.01486E+02
  2.01500E+03  3.00000E+00  1.60000E+01  6.00000E+00  0.00000E+00  0.00000E+00  7.67586E+01  1.39202E+00  1.17131E+02  1.06187E+02  2.13262E+00  9.82901E+01  1.85407E+02  7.77026E+01  1.07705E+02
  2.01500E+03  3.00000E+00  1.60000E+01  6.00000E+00  2.00000E+00  0.00000E+00  8.02028E+01  1.42743E+00  1.18609E+02  1.11403E+02  2.17318E+00  1.01747E+02  1.94365E+02  8.12047E+01  1.13160E+02
  2.01500E+03  3.00000E+00  1.60000E+01  6.00000E+00  4.00000E+00  0.00000E+00  8.34396E+01  1.46926E+00  1.21263E+02  1.18925E+02  2.23229E+00  1.04589E+02  2.05309E+02  8.45526E+01  1.20757E+02
  2.01500E+03  3.00000E+00  1.60000E+01  6.00000E+00  6.00000E+00  0.00000E+00  8.77636E+01  1.53441E+00  1.23679E+02  1.26893E+02  2.30415E+00  1.07439E+02  2.17909E+02  8.89704E+01  1.28939E+02
  2.01500E+03  3.00000E+00  1.60000E+01  6.00000E+00  8.00000E+00  0.00000E+00  9.28138E+01  1.63839E+00  1.26300E+02  1.24103E+02  2.29166E+00  1.07460E+02  2.20290E+02  9.41067E+01  1.26183E+02
  2.01500E+03  3.00000E+00  1.60000E+01  6.00000E+00  8.00000E+00  0.00000E+00  9.28138E+01  1.63839E+00  1.26300E+02  1.24103E+02  2.29166E+00  1.07460E+02  2.20290E+02  9.41067E+01  1.26183E+02
