# Data printout from CCMC-simulation: version 1D-1.3
# Data type:  SWMF  Magnetosphere
# Run name:   Espen_Fredrick_050623_10
# Missing data:  -1.09951e+12
# year mo dy hr mi se JrPHI_N I_N DPhi_N JrPHI_S I_S DPhi_S Wdiss Wdiss_N Wdiss_S 
# year mo day hour min s GW MA kV GW MA kV GW GW GW 
  2.01500E+03  3.00000E+00  1.60000E+01  4.00000E+00  2.00000E+01  0.00000E+00  1.11916E+00  1.82275E-01  1.38110E+01  1.52654E+00  2.60310E-01  1.14692E+01  2.74899E+00  1.14739E+00  1.60160E+00
  2.01500E+03  3.00000E+00  1.60000E+01  4.00000E+00  2.20000E+01  0.00000E+00  2.58612E+00  2.90872E-01  2.00252E+01  2.79228E+00  3.82090E-01  1.57738E+01  5.57565E+00  2.66060E+00  2.91502E+00
  2.01500E+03  3.00000E+00  1.60000E+01  4.00000E+00  2.40000E+01  0.00000E+00  4.41660E+00  3.41889E-01  2.73380E+01  4.25124E+00  4.31632E-01  2.05918E+01  8.98033E+00  4.54441E+00  4.43593E+00
  2.01500E+03  3.00000E+00  1.60000E+01  4.00000E+00  2.60000E+01  0.00000E+00  5.81946E+00  3.68126E-01  3.13390E+01  5.35553E+00  4.61765E-01  2.33431E+01  1.15678E+01  5.97583E+00  5.59193E+00
  2.01500E+03  3.00000E+00  1.60000E+01  4.00000E+00  2.80000E+01  0.00000E+00  6.59646E+00  3.79927E-01  3.37400E+01  6.01381E+00  4.77288E-01  2.47843E+01  1.30575E+01  6.77982E+00  6.27780E+00
  2.01500E+03  3.00000E+00  1.60000E+01  4.00000E+00  3.00000E+01  0.00000E+00  6.91293E+00  3.85885E-01  3.47250E+01  6.26632E+00  4.82385E-01  2.54201E+01  1.36481E+01  7.10968E+00  6.53840E+00
  2.01500E+03  3.00000E+00  1.60000E+01  4.00000E+00  3.20000E+01  0.00000E+00  7.15226E+00  3.93372E-01  3.51010E+01  6.49568E+00  4.89896E-01  2.56274E+01  1.41328E+01  7.35684E+00  6.77596E+00
  2.01500E+03  3.00000E+00  1.60000E+01  4.00000E+00  3.40000E+01  0.00000E+00  7.07784E+00  3.92701E-01  3.51150E+01  6.50301E+00  4.89325E-01  2.55322E+01  1.40602E+01  7.27916E+00  6.78102E+00
  2.01500E+03  3.00000E+00  1.60000E+01  4.00000E+00  3.60000E+01  0.00000E+00  7.89666E+00  4.14647E-01  3.62350E+01  7.36464E+00  5.16362E-01  2.64299E+01  1.58032E+01  8.12602E+00  7.67716E+00
  2.01500E+03  3.00000E+00  1.60000E+01  4.00000E+00  3.80000E+01  0.00000E+00  6.94127E+00  3.87409E-01  3.54400E+01  6.47284E+00  4.80235E-01  2.54919E+01  1.38537E+01  7.12002E+00  6.73372E+00
  2.01500E+03  3.00000E+00  1.60000E+01  4.00000E+00  4.00000E+01  0.00000E+00  5.71381E+00  3.63575E-01  3.16320E+01  5.62653E+00  4.56807E-01  2.33967E+01  1.16955E+01  5.85484E+00  5.84071E+00
  2.01500E+03  3.00000E+00  1.60000E+01  4.00000E+00  4.20000E+01  0.00000E+00  4.42749E+00  3.25128E-01  2.84760E+01  4.48687E+00  4.21089E-01  2.07959E+01  9.17941E+00  4.52883E+00  4.65054E+00
  2.01500E+03  3.00000E+00  1.60000E+01  4.00000E+00  4.40000E+01  0.00000E+00  3.33642E+00  2.95786E-01  2.51650E+01  3.52365E+00  3.84682E-01  1.85034E+01  7.05717E+00  3.41428E+00  3.64290E+00
  2.01500E+03  3.00000E+00  1.60000E+01  4.00000E+00  4.60000E+01  0.00000E+00  2.34079E+00  2.65733E-01  2.15890E+01  2.76027E+00  3.61110E-01  1.52313E+01  5.23922E+00  2.39982E+00  2.83941E+00
  2.01500E+03  3.00000E+00  1.60000E+01  4.00000E+00  4.80000E+01  0.00000E+00  2.33135E+00  2.76554E-01  2.03258E+01  2.88504E+00  3.82511E-01  1.49959E+01  5.34657E+00  2.38813E+00  2.95843E+00
  2.01500E+03  3.00000E+00  1.60000E+01  4.00000E+00  5.00000E+01  0.00000E+00  2.76068E+00  3.05527E-01  2.09850E+01  3.58084E+00  4.20094E-01  1.68435E+01  6.47887E+00  2.81180E+00  3.66703E+00
  2.01500E+03  3.00000E+00  1.60000E+01  4.00000E+00  5.20000E+01  0.00000E+00  3.34025E+00  3.37478E-01  2.09960E+01  4.66684E+00  4.73000E-01  1.79417E+01  8.14794E+00  3.37812E+00  4.76983E+00
  2.01500E+03  3.00000E+00  1.60000E+01  4.00000E+00  5.40000E+01  0.00000E+00  4.26979E+00  3.70987E-01  2.21034E+01  5.97195E+00  5.23718E-01  2.05238E+01  1.03905E+01  4.30098E+00  6.08954E+00
  2.01500E+03  3.00000E+00  1.60000E+01  4.00000E+00  5.60000E+01  0.00000E+00  4.99077E+00  3.91674E-01  2.51521E+01  6.92528E+00  5.56785E-01  2.23800E+01  1.20643E+01  5.01311E+00  7.05118E+00
  2.01500E+03  3.00000E+00  1.60000E+01  4.00000E+00  5.80000E+01  0.00000E+00  6.19726E+00  4.20965E-01  2.83174E+01  8.21916E+00  6.01352E-01  2.45228E+01  1.45843E+01  6.22672E+00  8.35755E+00
  2.01500E+03  3.00000E+00  1.60000E+01  5.00000E+00  0.00000E+00  0.00000E+00  7.47663E+00  4.51563E-01  3.13501E+01  9.23395E+00  6.25005E-01  2.63984E+01  1.69212E+01  7.52748E+00  9.39379E+00
  2.01500E+03  3.00000E+00  1.60000E+01  5.00000E+00  2.00000E+00  0.00000E+00  7.83663E+00  4.57228E-01  3.23356E+01  9.60568E+00  6.33069E-01  2.70571E+01  1.76488E+01  7.87791E+00  9.77102E+00
  2.01500E+03  3.00000E+00  1.60000E+01  5.00000E+00  4.00000E+00  0.00000E+00  8.43155E+00  4.72915E-01  3.35473E+01  9.87300E+00  6.36559E-01  2.76941E+01  1.85406E+01  8.48754E+00  1.00530E+01
  2.01500E+03  3.00000E+00  1.60000E+01  5.00000E+00  6.00000E+00  0.00000E+00  8.16731E+00  4.67361E-01  3.28924E+01  9.54980E+00  6.27480E-01  2.72922E+01  1.79611E+01  8.22744E+00  9.73367E+00
  2.01500E+03  3.00000E+00  1.60000E+01  5.00000E+00  8.00000E+00  0.00000E+00  7.77736E+00  4.59553E-01  3.16046E+01  9.03750E+00  6.10321E-01  2.64190E+01  1.70759E+01  7.84913E+00  9.22681E+00
  2.01500E+03  3.00000E+00  1.60000E+01  5.00000E+00  1.00000E+01  0.00000E+00  7.86500E+00  4.59661E-01  3.10390E+01  9.09488E+00  6.07787E-01  2.55523E+01  1.72509E+01  7.96153E+00  9.28933E+00
  2.01500E+03  3.00000E+00  1.60000E+01  5.00000E+00  1.20000E+01  0.00000E+00  8.15131E+00  4.60839E-01  3.07490E+01  9.25100E+00  6.02852E-01  2.55867E+01  1.77384E+01  8.27195E+00  9.46636E+00
  2.01500E+03  3.00000E+00  1.60000E+01  5.00000E+00  1.40000E+01  0.00000E+00  8.61968E+00  4.68020E-01  3.16690E+01  9.74587E+00  6.09886E-01  2.61262E+01  1.87677E+01  8.76567E+00  1.00021E+01
  2.01500E+03  3.00000E+00  1.60000E+01  5.00000E+00  1.60000E+01  0.00000E+00  8.35948E+00  4.56775E-01  3.21820E+01  9.53169E+00  5.94784E-01  2.59292E+01  1.82968E+01  8.50940E+00  9.78744E+00
  2.01500E+03  3.00000E+00  1.60000E+01  5.00000E+00  1.80000E+01  0.00000E+00  7.63897E+00  4.36883E-01  3.12830E+01  8.82589E+00  5.67892E-01  2.48797E+01  1.68319E+01  7.77734E+00  9.05458E+00
  2.01500E+03  3.00000E+00  1.60000E+01  5.00000E+00  2.00000E+01  0.00000E+00  6.70189E+00  4.13010E-01  2.94870E+01  7.88826E+00  5.39955E-01  2.36305E+01  1.49100E+01  6.82002E+00  8.08989E+00
  2.01500E+03  3.00000E+00  1.60000E+01  5.00000E+00  2.20000E+01  0.00000E+00  6.06144E+00  3.96432E-01  2.80380E+01  7.16651E+00  5.18633E-01  2.26089E+01  1.35144E+01  6.16715E+00  7.34731E+00
  2.01500E+03  3.00000E+00  1.60000E+01  5.00000E+00  2.40000E+01  0.00000E+00  5.42544E+00  3.79650E-01  2.62850E+01  6.39728E+00  4.95740E-01  2.14293E+01  1.20693E+01  5.51317E+00  6.55626E+00
  2.01500E+03  3.00000E+00  1.60000E+01  5.00000E+00  2.60000E+01  0.00000E+00  4.95049E+00  3.67970E-01  2.47790E+01  5.78331E+00  4.78210E-01  2.03219E+01  1.09554E+01  5.02917E+00  5.92626E+00
  2.01500E+03  3.00000E+00  1.60000E+01  5.00000E+00  2.80000E+01  0.00000E+00  4.83312E+00  3.60363E-01  2.46110E+01  5.39747E+00  4.65301E-01  1.95622E+01  1.04338E+01  4.90172E+00  5.53201E+00
  2.01500E+03  3.00000E+00  1.60000E+01  5.00000E+00  3.00000E+01  0.00000E+00  4.83710E+00  3.58936E-01  2.49750E+01  5.20912E+00  4.60250E-01  1.90225E+01  1.02504E+01  4.90761E+00  5.34276E+00
  2.01500E+03  3.00000E+00  1.60000E+01  5.00000E+00  3.20000E+01  0.00000E+00  4.75853E+00  3.58720E-01  2.52260E+01  5.09620E+00  4.56959E-01  1.87164E+01  1.00550E+01  4.82738E+00  5.22761E+00
  2.01500E+03  3.00000E+00  1.60000E+01  5.00000E+00  3.40000E+01  0.00000E+00  4.76523E+00  3.59676E-01  2.51520E+01  5.16768E+00  4.61480E-01  1.86210E+01  1.01307E+01  4.83078E+00  5.29995E+00
  2.01500E+03  3.00000E+00  1.60000E+01  5.00000E+00  3.60000E+01  0.00000E+00  4.72988E+00  3.58688E-01  2.49570E+01  5.20436E+00  4.62508E-01  1.86806E+01  1.01310E+01  4.79695E+00  5.33403E+00
  2.01500E+03  3.00000E+00  1.60000E+01  5.00000E+00  3.80000E+01  0.00000E+00  4.85100E+00  3.61071E-01  2.51280E+01  5.40486E+00  4.69593E-01  1.90453E+01  1.04605E+01  4.92279E+00  5.53768E+00
  2.01500E+03  3.00000E+00  1.60000E+01  5.00000E+00  4.00000E+01  0.00000E+00  4.77346E+00  3.61286E-01  2.49120E+01  5.39203E+00  4.66566E-01  1.93136E+01  1.03605E+01  4.84307E+00  5.51743E+00
  2.01500E+03  3.00000E+00  1.60000E+01  5.00000E+00  4.20000E+01  0.00000E+00  5.25054E+00  3.74964E-01  2.52460E+01  6.23064E+00  5.02653E-01  2.03710E+01  1.17159E+01  5.32764E+00  6.38827E+00
  2.01500E+03  3.00000E+00  1.60000E+01  5.00000E+00  4.40000E+01  0.00000E+00  6.46697E+00  4.03648E-01  2.86440E+01  7.21541E+00  5.27218E-01  2.20397E+01  1.39648E+01  6.56221E+00  7.40261E+00
  2.01500E+03  3.00000E+00  1.60000E+01  5.00000E+00  4.60000E+01  0.00000E+00  8.04206E+00  4.42918E-01  3.20480E+01  9.32741E+00  5.89303E-01  2.48729E+01  1.77676E+01  8.17264E+00  9.59492E+00
  2.01500E+03  3.00000E+00  1.60000E+01  5.00000E+00  4.80000E+01  0.00000E+00  1.23926E+01  5.26738E-01  4.00030E+01  1.38492E+01  6.86016E-01  3.11410E+01  2.68976E+01  1.26249E+01  1.42726E+01
  2.01500E+03  3.00000E+00  1.60000E+01  5.00000E+00  5.00000E+01  0.00000E+00  1.65334E+01  5.90286E-01  4.65140E+01  1.83581E+01  7.60255E-01  3.68270E+01  3.57966E+01  1.68499E+01  1.89468E+01
  2.01500E+03  3.00000E+00  1.60000E+01  5.00000E+00  5.20000E+01  0.00000E+00  2.08153E+01  6.42247E-01  5.26180E+01  2.26875E+01  8.18157E-01  4.16820E+01  4.46726E+01  2.12415E+01  2.34310E+01
  2.01500E+03  3.00000E+00  1.60000E+01  5.00000E+00  5.40000E+01  0.00000E+00  2.45048E+01  6.81002E-01  5.70260E+01  2.60727E+01  8.57352E-01  4.54280E+01  5.19188E+01  2.49537E+01  2.69652E+01
  2.01500E+03  3.00000E+00  1.60000E+01  5.00000E+00  5.60000E+01  0.00000E+00  2.74870E+01  7.09121E-01  6.01480E+01  2.89611E+01  8.90802E-01  4.81810E+01  5.79384E+01  2.79708E+01  2.99678E+01
  2.01500E+03  3.00000E+00  1.60000E+01  5.00000E+00  5.80000E+01  0.00000E+00  3.17838E+01  7.53718E-01  6.40500E+01  3.27393E+01  9.39354E-01  5.09600E+01  6.62034E+01  3.23583E+01  3.38448E+01
  2.01500E+03  3.00000E+00  1.60000E+01  6.00000E+00  0.00000E+00  0.00000E+00  3.70327E+01  8.11891E-01  6.82540E+01  3.76802E+01  1.00381E+00  5.43700E+01  7.66987E+01  3.77355E+01  3.89634E+01
  2.01500E+03  3.00000E+00  1.60000E+01  6.00000E+00  2.00000E+00  0.00000E+00  4.18940E+01  8.69293E-01  7.21110E+01  4.21389E+01  1.05571E+00  5.75360E+01  8.61786E+01  4.26019E+01  4.35765E+01
  2.01500E+03  3.00000E+00  1.60000E+01  6.00000E+00  4.00000E+00  0.00000E+00  4.59052E+01  9.18345E-01  7.46220E+01  4.62975E+01  1.10759E+00  6.01550E+01  9.46004E+01  4.67063E+01  4.78940E+01
  2.01500E+03  3.00000E+00  1.60000E+01  6.00000E+00  6.00000E+00  0.00000E+00  5.11421E+01  9.73603E-01  7.81460E+01  5.10349E+01  1.16247E+00  6.29770E+01  1.04887E+02  5.20686E+01  5.28182E+01
  2.01500E+03  3.00000E+00  1.60000E+01  6.00000E+00  8.00000E+00  0.00000E+00  5.23582E+01  9.93123E-01  7.95480E+01  5.22292E+01  1.17043E+00  6.42490E+01  1.07335E+02  5.32910E+01  5.40443E+01
  2.01500E+03  3.00000E+00  1.60000E+01  6.00000E+00  8.00000E+00  0.00000E+00  5.23582E+01  9.93123E-01  7.95480E+01  5.22292E+01  1.17043E+00  6.42490E+01  1.07335E+02  5.32910E+01  5.40443E+01
