# Data printout from CCMC-simulation: version 1D-1.3
# Data type:  LFM  Magnetosphere
# Run name:   Espen_Fredrick_050723_3
# Missing data:  -1.09951e+12
# year mo dy hr mi se JrPHI_N I_N DPhi_N JrPHI_S I_S DPhi_S Wdiss Wdiss_N Wdiss_S 
# year mo day hour min s GW MA kV GW MA kV GW GW GW 
  2.01500E+03  3.00000E+00  1.60000E+01  4.00000E+00  2.00000E+01  0.00000E+00  6.86023E+00  7.27312E-01  3.14967E+01  1.60558E+01  1.27600E+00  3.21095E+01  2.35932E+01  6.81415E+00  1.67791E+01
  2.01500E+03  3.00000E+00  1.60000E+01  4.00000E+00  2.20000E+01  0.00000E+00  6.83362E+00  7.26510E-01  3.14903E+01  1.57280E+01  1.25587E+00  3.20923E+01  2.32525E+01  6.79172E+00  1.64608E+01
  2.01500E+03  3.00000E+00  1.60000E+01  4.00000E+00  2.40000E+01  0.00000E+00  7.13303E+00  7.30992E-01  3.22346E+01  1.56660E+01  1.25474E+00  3.24772E+01  2.34536E+01  7.05825E+00  1.63955E+01
  2.01500E+03  3.00000E+00  1.60000E+01  4.00000E+00  2.60000E+01  0.00000E+00  7.14076E+00  7.30337E-01  3.23453E+01  1.56712E+01  1.26366E+00  3.18691E+01  2.34961E+01  7.09852E+00  1.63977E+01
  2.01500E+03  3.00000E+00  1.60000E+01  4.00000E+00  2.80000E+01  0.00000E+00  6.74187E+00  7.19147E-01  3.11092E+01  1.50171E+01  1.24747E+00  3.04206E+01  2.23719E+01  6.71535E+00  1.56566E+01
  2.01500E+03  3.00000E+00  1.60000E+01  4.00000E+00  3.00000E+01  0.00000E+00  7.47759E+00  7.57490E-01  3.27161E+01  1.53803E+01  1.24544E+00  3.18053E+01  2.34136E+01  7.34513E+00  1.60686E+01
  2.01500E+03  3.00000E+00  1.60000E+01  4.00000E+00  3.20000E+01  0.00000E+00  7.41829E+00  7.64913E-01  3.22100E+01  1.44525E+01  1.27238E+00  2.93629E+01  2.24704E+01  7.47450E+00  1.49960E+01
  2.01500E+03  3.00000E+00  1.60000E+01  4.00000E+00  3.40000E+01  0.00000E+00  6.82813E+00  7.01620E-01  3.40501E+01  1.42597E+01  1.22980E+00  2.92049E+01  2.15830E+01  6.93412E+00  1.46489E+01
  2.01500E+03  3.00000E+00  1.60000E+01  4.00000E+00  3.60000E+01  0.00000E+00  6.82365E+00  7.34653E-01  3.10014E+01  1.64428E+01  1.27470E+00  3.28254E+01  2.39962E+01  6.82107E+00  1.71752E+01
  2.01500E+03  3.00000E+00  1.60000E+01  4.00000E+00  3.80000E+01  0.00000E+00  9.85421E+00  7.88439E-01  3.74530E+01  2.16592E+01  1.34721E+00  3.91887E+01  3.26988E+01  9.79983E+00  2.28990E+01
  2.01500E+03  3.00000E+00  1.60000E+01  4.00000E+00  4.00000E+01  0.00000E+00  1.14649E+01  8.41190E-01  4.18295E+01  2.07226E+01  1.34341E+00  3.90207E+01  3.33084E+01  1.14384E+01  2.18701E+01
  2.01500E+03  3.00000E+00  1.60000E+01  4.00000E+00  4.20000E+01  0.00000E+00  1.13154E+01  7.93869E-01  4.20496E+01  2.09893E+01  1.31786E+00  3.80563E+01  3.33078E+01  1.13262E+01  2.19817E+01
  2.01500E+03  3.00000E+00  1.60000E+01  4.00000E+00  4.40000E+01  0.00000E+00  1.68751E+01  8.85859E-01  4.81474E+01  3.08358E+01  1.45384E+00  4.76046E+01  4.92071E+01  1.68934E+01  3.23137E+01
  2.01500E+03  3.00000E+00  1.60000E+01  4.00000E+00  4.60000E+01  0.00000E+00  1.94697E+01  9.26802E-01  5.12966E+01  3.26441E+01  1.43669E+00  4.99629E+01  5.37979E+01  1.95808E+01  3.42174E+01
  2.01500E+03  3.00000E+00  1.60000E+01  4.00000E+00  4.80000E+01  0.00000E+00  1.78148E+01  9.20771E-01  5.08566E+01  3.03461E+01  1.42986E+00  4.80342E+01  4.95482E+01  1.78678E+01  3.16804E+01
  2.01500E+03  3.00000E+00  1.60000E+01  4.00000E+00  5.00000E+01  0.00000E+00  2.12915E+01  9.47878E-01  5.26543E+01  3.45184E+01  1.46827E+00  5.07612E+01  5.72839E+01  2.13844E+01  3.58996E+01
  2.01500E+03  3.00000E+00  1.60000E+01  4.00000E+00  5.20000E+01  0.00000E+00  1.78973E+01  9.33086E-01  5.08492E+01  2.89855E+01  1.44610E+00  4.68342E+01  4.79494E+01  1.79014E+01  3.00480E+01
  2.01500E+03  3.00000E+00  1.60000E+01  4.00000E+00  5.40000E+01  0.00000E+00  1.97695E+01  9.56335E-01  5.06611E+01  3.25857E+01  1.49324E+00  4.79083E+01  5.34028E+01  1.97686E+01  3.36344E+01
  2.01500E+03  3.00000E+00  1.60000E+01  4.00000E+00  5.60000E+01  0.00000E+00  2.07508E+01  9.71299E-01  5.16235E+01  3.45004E+01  1.51905E+00  4.86020E+01  5.62754E+01  2.07441E+01  3.55316E+01
  2.01500E+03  3.00000E+00  1.60000E+01  4.00000E+00  5.80000E+01  0.00000E+00  2.76236E+01  1.06587E+00  6.08165E+01  4.28086E+01  1.60458E+00  5.49056E+01  7.17034E+01  2.77292E+01  4.39744E+01
  2.01500E+03  3.00000E+00  1.60000E+01  5.00000E+00  0.00000E+00  0.00000E+00  3.08256E+01  1.12269E+00  6.47334E+01  4.63030E+01  1.65153E+00  5.79499E+01  7.83312E+01  3.09166E+01  4.74147E+01
  2.01500E+03  3.00000E+00  1.60000E+01  5.00000E+00  2.00000E+00  0.00000E+00  3.76692E+01  1.20853E+00  7.23678E+01  5.70489E+01  1.76109E+00  6.59519E+01  9.60506E+01  3.77764E+01  5.82743E+01
  2.01500E+03  3.00000E+00  1.60000E+01  5.00000E+00  4.00000E+00  0.00000E+00  3.99122E+01  1.23723E+00  7.40398E+01  6.23144E+01  1.80333E+00  6.89821E+01  1.03469E+02  4.00084E+01  6.34608E+01
  2.01500E+03  3.00000E+00  1.60000E+01  5.00000E+00  6.00000E+00  0.00000E+00  4.79371E+01  1.26924E+00  8.33261E+01  7.27719E+01  1.87500E+00  7.59189E+01  1.22282E+02  4.82191E+01  7.40630E+01
  2.01500E+03  3.00000E+00  1.60000E+01  5.00000E+00  8.00000E+00  0.00000E+00  6.09778E+01  1.36927E+00  9.77010E+01  8.74208E+01  1.97666E+00  8.55268E+01  1.50276E+02  6.13973E+01  8.88787E+01
  2.01500E+03  3.00000E+00  1.60000E+01  5.00000E+00  1.00000E+01  0.00000E+00  5.91774E+01  1.35042E+00  9.78519E+01  8.22023E+01  1.95364E+00  8.35599E+01  1.43011E+02  5.95697E+01  8.34413E+01
  2.01500E+03  3.00000E+00  1.60000E+01  5.00000E+00  1.20000E+01  0.00000E+00  5.82821E+01  1.34766E+00  9.58895E+01  8.73652E+01  2.00010E+00  8.64154E+01  1.47210E+02  5.86460E+01  8.85646E+01
  2.01500E+03  3.00000E+00  1.60000E+01  5.00000E+00  1.40000E+01  0.00000E+00  5.81359E+01  1.33850E+00  9.63116E+01  8.66697E+01  2.00496E+00  8.68970E+01  1.46342E+02  5.85172E+01  8.78245E+01
  2.01500E+03  3.00000E+00  1.60000E+01  5.00000E+00  1.60000E+01  0.00000E+00  6.81387E+01  1.39440E+00  1.03501E+02  1.00943E+02  2.12469E+00  9.26666E+01  1.71280E+02  6.88171E+01  1.02463E+02
  2.01500E+03  3.00000E+00  1.60000E+01  5.00000E+00  1.80000E+01  0.00000E+00  7.56981E+01  1.41764E+00  1.11468E+02  1.11204E+02  2.16331E+00  9.82782E+01  1.89579E+02  7.65834E+01  1.12996E+02
  2.01500E+03  3.00000E+00  1.60000E+01  5.00000E+00  2.00000E+01  0.00000E+00  8.14074E+01  1.45750E+00  1.17236E+02  1.19582E+02  2.24119E+00  1.02299E+02  2.03951E+02  8.24044E+01  1.21546E+02
  2.01500E+03  3.00000E+00  1.60000E+01  5.00000E+00  2.20000E+01  0.00000E+00  8.02485E+01  1.47905E+00  1.17407E+02  1.18657E+02  2.24766E+00  1.03412E+02  2.01821E+02  8.12034E+01  1.20618E+02
  2.01500E+03  3.00000E+00  1.60000E+01  5.00000E+00  2.40000E+01  0.00000E+00  7.85278E+01  1.48359E+00  1.16561E+02  1.25228E+02  2.35921E+00  1.04490E+02  2.06806E+02  7.95687E+01  1.27238E+02
  2.01500E+03  3.00000E+00  1.60000E+01  5.00000E+00  2.60000E+01  0.00000E+00  7.79279E+01  1.46503E+00  1.15684E+02  1.32249E+02  2.37244E+00  1.06777E+02  2.13493E+02  7.90904E+01  1.34403E+02
  2.01500E+03  3.00000E+00  1.60000E+01  5.00000E+00  2.80000E+01  0.00000E+00  8.19300E+01  1.50472E+00  1.18462E+02  1.31248E+02  2.37526E+00  1.07142E+02  2.16595E+02  8.32350E+01  1.33360E+02
  2.01500E+03  3.00000E+00  1.60000E+01  5.00000E+00  3.00000E+01  0.00000E+00  8.62237E+01  1.54614E+00  1.22222E+02  1.29538E+02  2.38176E+00  1.07944E+02  2.19298E+02  8.76815E+01  1.31616E+02
  2.01500E+03  3.00000E+00  1.60000E+01  5.00000E+00  3.20000E+01  0.00000E+00  8.26721E+01  1.56821E+00  1.18349E+02  1.29007E+02  2.39466E+00  1.06778E+02  2.15123E+02  8.39525E+01  1.31170E+02
  2.01500E+03  3.00000E+00  1.60000E+01  5.00000E+00  3.40000E+01  0.00000E+00  8.73796E+01  1.60282E+00  1.20918E+02  1.36247E+02  2.45282E+00  1.09745E+02  2.27406E+02  8.88458E+01  1.38560E+02
  2.01500E+03  3.00000E+00  1.60000E+01  5.00000E+00  3.60000E+01  0.00000E+00  9.45744E+01  1.70514E+00  1.23101E+02  1.39895E+02  2.54575E+00  1.12464E+02  2.37680E+02  9.57026E+01  1.41977E+02
  2.01500E+03  3.00000E+00  1.60000E+01  5.00000E+00  3.80000E+01  0.00000E+00  1.06264E+02  1.93982E+00  1.25235E+02  1.57833E+02  2.88339E+00  1.16831E+02  2.66517E+02  1.07061E+02  1.59456E+02
  2.01500E+03  3.00000E+00  1.60000E+01  5.00000E+00  4.00000E+01  0.00000E+00  1.00155E+02  1.95746E+00  1.23811E+02  1.50869E+02  2.83776E+00  1.15056E+02  2.53085E+02  1.00697E+02  1.52389E+02
  2.01500E+03  3.00000E+00  1.60000E+01  5.00000E+00  4.20000E+01  0.00000E+00  9.67966E+01  1.91833E+00  1.22525E+02  1.41710E+02  2.78572E+00  1.11503E+02  2.41300E+02  9.76761E+01  1.43625E+02
  2.01500E+03  3.00000E+00  1.60000E+01  5.00000E+00  4.40000E+01  0.00000E+00  1.14796E+02  2.10070E+00  1.34684E+02  1.67962E+02  3.07533E+00  1.21381E+02  2.87125E+02  1.16484E+02  1.70641E+02
  2.01500E+03  3.00000E+00  1.60000E+01  5.00000E+00  4.60000E+01  0.00000E+00  1.07772E+02  2.14836E+00  1.27889E+02  1.67838E+02  3.17391E+00  1.20187E+02  2.79676E+02  1.09236E+02  1.70440E+02
  2.01500E+03  3.00000E+00  1.60000E+01  5.00000E+00  4.80000E+01  0.00000E+00  1.03249E+02  2.17648E+00  1.21345E+02  1.56715E+02  3.14534E+00  1.16206E+02  2.63674E+02  1.04634E+02  1.59040E+02
  2.01500E+03  3.00000E+00  1.60000E+01  5.00000E+00  5.00000E+01  0.00000E+00  1.10474E+02  2.31453E+00  1.19501E+02  1.58145E+02  3.26170E+00  1.13843E+02  2.72250E+02  1.12085E+02  1.60164E+02
  2.01500E+03  3.00000E+00  1.60000E+01  5.00000E+00  5.20000E+01  0.00000E+00  1.14064E+02  2.31242E+00  1.23819E+02  1.75260E+02  3.44082E+00  1.17359E+02  2.93927E+02  1.16087E+02  1.77839E+02
  2.01500E+03  3.00000E+00  1.60000E+01  5.00000E+00  5.40000E+01  0.00000E+00  1.20552E+02  2.48506E+00  1.32635E+02  1.79086E+02  3.55373E+00  1.23660E+02  3.05028E+02  1.23142E+02  1.81886E+02
  2.01500E+03  3.00000E+00  1.60000E+01  5.00000E+00  5.60000E+01  0.00000E+00  1.28495E+02  2.60928E+00  1.35485E+02  1.84246E+02  3.63420E+00  1.28205E+02  3.18337E+02  1.31180E+02  1.87156E+02
  2.01500E+03  3.00000E+00  1.60000E+01  5.00000E+00  5.80000E+01  0.00000E+00  1.36223E+02  2.74091E+00  1.40183E+02  1.96266E+02  3.86915E+00  1.33042E+02  3.38084E+02  1.38820E+02  1.99265E+02
  2.01500E+03  3.00000E+00  1.60000E+01  6.00000E+00  0.00000E+00  0.00000E+00  1.27894E+02  2.88029E+00  1.31085E+02  1.83680E+02  3.96923E+00  1.26959E+02  3.17005E+02  1.30182E+02  1.86824E+02
  2.01500E+03  3.00000E+00  1.60000E+01  6.00000E+00  2.00000E+00  0.00000E+00  1.67647E+02  2.96429E+00  1.50444E+02  2.39437E+02  4.25624E+00  1.40705E+02  4.15579E+02  1.71736E+02  2.43845E+02
  2.01500E+03  3.00000E+00  1.60000E+01  6.00000E+00  4.00000E+00  0.00000E+00  1.46620E+02  2.91101E+00  1.47092E+02  2.02634E+02  4.03847E+00  1.39153E+02  3.57011E+02  1.50380E+02  2.06631E+02
  2.01500E+03  3.00000E+00  1.60000E+01  6.00000E+00  6.00000E+00  0.00000E+00  1.38852E+02  2.92447E+00  1.39344E+02  1.98477E+02  4.11525E+00  1.35032E+02  3.43314E+02  1.41533E+02  2.01780E+02
  2.01500E+03  3.00000E+00  1.60000E+01  6.00000E+00  8.00000E+00  0.00000E+00  1.37108E+02  2.97762E+00  1.38729E+02  1.89426E+02  4.06187E+00  1.32359E+02  3.31674E+02  1.39521E+02  1.92151E+02
  2.01500E+03  3.00000E+00  1.60000E+01  6.00000E+00  8.00000E+00  0.00000E+00  1.37108E+02  2.97762E+00  1.38729E+02  1.89426E+02  4.06187E+00  1.32359E+02  3.31674E+02  1.39521E+02  1.92151E+02
