# Data printout from CCMC-simulation: version 1D-1.3
# Data type:  SWMF  Magnetosphere
# Run name:   Espen_Fredrick_050623_12
# Missing data:  -1.09951e+12
# year mo dy hr mi se JrPHI_N I_N DPhi_N JrPHI_S I_S DPhi_S Wdiss Wdiss_N Wdiss_S 
# year mo day hour min s GW MA kV GW MA kV GW GW GW 
  2.01900E+03  1.10000E+01  2.70000E+01  1.70000E+01  0.00000E+00  0.00000E+00  1.93681E+00  1.90727E-01  1.74450E+01  1.45199E+00  1.95848E-01  1.21804E+01  3.46388E+00  1.96825E+00  1.49563E+00
  2.01900E+03  1.10000E+01  2.70000E+01  1.70000E+01  2.00000E+00  0.00000E+00  2.82437E+00  2.53936E-01  2.05894E+01  1.90286E+00  2.50170E-01  1.31361E+01  4.80256E+00  2.86591E+00  1.93666E+00
  2.01900E+03  1.10000E+01  2.70000E+01  1.70000E+01  4.00000E+00  0.00000E+00  3.82302E+00  2.94935E-01  2.41085E+01  2.57827E+00  2.91577E-01  1.55016E+01  6.52131E+00  3.88860E+00  2.63275E+00
  2.01900E+03  1.10000E+01  2.70000E+01  1.70000E+01  6.00000E+00  0.00000E+00  4.59849E+00  3.21001E-01  2.62236E+01  3.14737E+00  3.21508E-01  1.70584E+01  7.90006E+00  4.67723E+00  3.22281E+00
  2.01900E+03  1.10000E+01  2.70000E+01  1.70000E+01  8.00000E+00  0.00000E+00  5.29309E+00  3.41882E-01  2.79717E+01  3.67740E+00  3.44546E-01  1.86329E+01  9.15852E+00  5.38526E+00  3.77331E+00
  2.01900E+03  1.10000E+01  2.70000E+01  1.70000E+01  1.00000E+01  0.00000E+00  5.72407E+00  3.53781E-01  2.89320E+01  4.01447E+00  3.57283E-01  1.98047E+01  9.94304E+00  5.82116E+00  4.12190E+00
  2.01900E+03  1.10000E+01  2.70000E+01  1.70000E+01  1.20000E+01  0.00000E+00  6.09636E+00  3.64964E-01  2.96496E+01  4.28378E+00  3.68032E-01  2.06095E+01  1.05997E+01  6.19972E+00  4.39993E+00
  2.01900E+03  1.10000E+01  2.70000E+01  1.70000E+01  1.40000E+01  0.00000E+00  5.89208E+00  3.60716E-01  2.92497E+01  4.21941E+00  3.65985E-01  2.06686E+01  1.03187E+01  5.98664E+00  4.33203E+00
  2.01900E+03  1.10000E+01  2.70000E+01  1.70000E+01  1.60000E+01  0.00000E+00  5.14848E+00  3.40532E-01  2.71628E+01  4.16784E+00  3.67151E-01  2.00973E+01  9.50640E+00  5.22706E+00  4.27934E+00
  2.01900E+03  1.10000E+01  2.70000E+01  1.70000E+01  1.80000E+01  0.00000E+00  6.70078E+00  3.78957E-01  3.04572E+01  5.03959E+00  3.92713E-01  2.24286E+01  1.19926E+01  6.80616E+00  5.18641E+00
  2.01900E+03  1.10000E+01  2.70000E+01  1.70000E+01  2.00000E+01  0.00000E+00  5.32234E+00  3.43739E-01  2.74989E+01  4.83133E+00  3.89934E-01  2.23042E+01  1.03696E+01  5.40573E+00  4.96379E+00
  2.01900E+03  1.10000E+01  2.70000E+01  1.70000E+01  2.20000E+01  0.00000E+00  6.61033E+00  3.79548E-01  2.90133E+01  6.23448E+00  4.42781E-01  2.44950E+01  1.31329E+01  6.71588E+00  6.41701E+00
  2.01900E+03  1.10000E+01  2.70000E+01  1.70000E+01  2.40000E+01  0.00000E+00  8.96733E+00  4.30285E-01  3.43304E+01  8.09014E+00  4.97223E-01  2.75090E+01  1.74394E+01  9.11953E+00  8.31990E+00
  2.01900E+03  1.10000E+01  2.70000E+01  1.70000E+01  2.60000E+01  0.00000E+00  9.38490E+00  4.51199E-01  3.58909E+01  8.13477E+00  5.01304E-01  2.81210E+01  1.78701E+01  9.52656E+00  8.34365E+00
  2.01900E+03  1.10000E+01  2.70000E+01  1.70000E+01  2.80000E+01  0.00000E+00  8.17796E+00  4.28291E-01  3.34268E+01  8.00119E+00  5.03168E-01  2.74685E+01  1.64900E+01  8.28998E+00  8.20000E+00
  2.01900E+03  1.10000E+01  2.70000E+01  1.70000E+01  3.00000E+01  0.00000E+00  1.06637E+01  4.73868E-01  3.82909E+01  9.67267E+00  5.43808E-01  3.01550E+01  2.07485E+01  1.08340E+01  9.91455E+00
  2.01900E+03  1.10000E+01  2.70000E+01  1.70000E+01  3.20000E+01  0.00000E+00  1.27745E+01  5.12566E-01  4.18814E+01  1.15259E+01  5.88489E-01  3.30650E+01  2.47655E+01  1.29536E+01  1.18119E+01
  2.01900E+03  1.10000E+01  2.70000E+01  1.70000E+01  3.40000E+01  0.00000E+00  1.51219E+01  5.51703E-01  4.53863E+01  1.34822E+01  6.28968E-01  3.62480E+01  2.91494E+01  1.53344E+01  1.38151E+01
  2.01900E+03  1.10000E+01  2.70000E+01  1.70000E+01  3.60000E+01  0.00000E+00  1.65891E+01  5.75264E-01  4.74475E+01  1.55154E+01  6.71219E-01  3.88640E+01  3.27427E+01  1.68317E+01  1.59111E+01
  2.01900E+03  1.10000E+01  2.70000E+01  1.70000E+01  3.80000E+01  0.00000E+00  1.77396E+01  6.00486E-01  4.89750E+01  1.58174E+01  6.75976E-01  3.99320E+01  3.41813E+01  1.79755E+01  1.62057E+01
  2.01900E+03  1.10000E+01  2.70000E+01  1.70000E+01  4.00000E+01  0.00000E+00  1.49690E+01  5.69385E-01  4.47333E+01  1.38868E+01  6.43484E-01  3.74350E+01  2.93556E+01  1.51437E+01  1.42120E+01
  2.01900E+03  1.10000E+01  2.70000E+01  1.70000E+01  4.20000E+01  0.00000E+00  1.51189E+01  5.67291E-01  4.45713E+01  1.41809E+01  6.49026E-01  3.69280E+01  2.98486E+01  1.53160E+01  1.45328E+01
  2.01900E+03  1.10000E+01  2.70000E+01  1.70000E+01  4.40000E+01  0.00000E+00  1.82650E+01  6.09117E-01  4.94965E+01  1.68476E+01  6.98449E-01  4.00490E+01  3.58541E+01  1.85558E+01  1.72982E+01
  2.01900E+03  1.10000E+01  2.70000E+01  1.70000E+01  4.60000E+01  0.00000E+00  2.16722E+01  6.58964E-01  5.42720E+01  1.89503E+01  7.30565E-01  4.31160E+01  4.14606E+01  2.20065E+01  1.94542E+01
  2.01900E+03  1.10000E+01  2.70000E+01  1.70000E+01  4.80000E+01  0.00000E+00  2.10296E+01  6.50916E-01  5.34000E+01  1.94692E+01  7.37150E-01  4.39140E+01  4.13405E+01  2.13413E+01  1.99993E+01
  2.01900E+03  1.10000E+01  2.70000E+01  1.70000E+01  5.00000E+01  0.00000E+00  2.20129E+01  6.64842E-01  5.43530E+01  1.99358E+01  7.42839E-01  4.43350E+01  4.28392E+01  2.23648E+01  2.04745E+01
  2.01900E+03  1.10000E+01  2.70000E+01  1.70000E+01  5.20000E+01  0.00000E+00  2.41509E+01  6.87332E-01  5.65370E+01  2.21087E+01  7.77144E-01  4.62090E+01  4.72772E+01  2.45472E+01  2.27300E+01
  2.01900E+03  1.10000E+01  2.70000E+01  1.70000E+01  5.40000E+01  0.00000E+00  2.79028E+01  7.30810E-01  6.09180E+01  2.49435E+01  8.14976E-01  4.90410E+01  5.40729E+01  2.84215E+01  2.56513E+01
  2.01900E+03  1.10000E+01  2.70000E+01  1.70000E+01  5.60000E+01  0.00000E+00  2.82377E+01  7.35479E-01  6.13530E+01  2.54323E+01  8.16245E-01  4.99040E+01  5.48976E+01  2.87361E+01  2.61618E+01
  2.01900E+03  1.10000E+01  2.70000E+01  1.70000E+01  5.80000E+01  0.00000E+00  2.93273E+01  7.40654E-01  6.24370E+01  2.63596E+01  8.26840E-01  5.06730E+01  5.70072E+01  2.98776E+01  2.71300E+01
  2.01900E+03  1.10000E+01  2.70000E+01  1.80000E+01  0.00000E+00  0.00000E+00  3.01538E+01  7.49834E-01  6.35420E+01  2.68213E+01  8.30847E-01  5.12360E+01  5.82884E+01  3.07097E+01  2.75786E+01
  2.01900E+03  1.10000E+01  2.70000E+01  1.80000E+01  2.00000E+00  0.00000E+00  3.06503E+01  7.54758E-01  6.41140E+01  2.72491E+01  8.33597E-01  5.17720E+01  5.92333E+01  3.12219E+01  2.80111E+01
  2.01900E+03  1.10000E+01  2.70000E+01  1.80000E+01  4.00000E+00  0.00000E+00  2.70575E+01  7.19575E-01  6.07960E+01  2.38862E+01  7.82957E-01  4.92970E+01  5.20385E+01  2.75034E+01  2.45352E+01
  2.01900E+03  1.10000E+01  2.70000E+01  1.80000E+01  6.00000E+00  0.00000E+00  2.29590E+01  6.68111E-01  5.59190E+01  2.07181E+01  7.38133E-01  4.60490E+01  4.46130E+01  2.33292E+01  2.12837E+01
  2.01900E+03  1.10000E+01  2.70000E+01  1.80000E+01  8.00000E+00  0.00000E+00  2.25855E+01  6.55626E-01  5.50970E+01  2.07751E+01  7.44486E-01  4.54990E+01  4.43148E+01  2.29603E+01  2.13547E+01
  2.01900E+03  1.10000E+01  2.70000E+01  1.80000E+01  1.00000E+01  0.00000E+00  2.37013E+01  6.72863E-01  5.65680E+01  2.11054E+01  7.51118E-01  4.60130E+01  4.57725E+01  2.40920E+01  2.16805E+01
  2.01900E+03  1.10000E+01  2.70000E+01  1.80000E+01  1.20000E+01  0.00000E+00  2.35725E+01  6.69720E-01  5.65280E+01  2.08042E+01  7.47343E-01  4.58180E+01  4.53241E+01  2.39607E+01  2.13636E+01
  2.01900E+03  1.10000E+01  2.70000E+01  1.80000E+01  1.40000E+01  0.00000E+00  2.16549E+01  6.51087E-01  5.43680E+01  1.93396E+01  7.28334E-01  4.44690E+01  4.18361E+01  2.19891E+01  1.98471E+01
  2.01900E+03  1.10000E+01  2.70000E+01  1.80000E+01  1.60000E+01  0.00000E+00  2.09223E+01  6.38646E-01  5.30060E+01  1.93329E+01  7.36371E-01  4.38420E+01  4.11300E+01  2.12807E+01  1.98494E+01
  2.01900E+03  1.10000E+01  2.70000E+01  1.80000E+01  1.80000E+01  0.00000E+00  2.26140E+01  6.70778E-01  5.51970E+01  2.06126E+01  7.59035E-01  4.50440E+01  4.41254E+01  2.29655E+01  2.11598E+01
  2.01900E+03  1.10000E+01  2.70000E+01  1.80000E+01  2.00000E+01  0.00000E+00  2.21714E+01  6.66378E-01  5.48220E+01  2.04814E+01  7.55923E-01  4.48670E+01  4.35394E+01  2.25030E+01  2.10362E+01
  2.01900E+03  1.10000E+01  2.70000E+01  1.80000E+01  2.20000E+01  0.00000E+00  2.35640E+01  6.80869E-01  5.63270E+01  2.19251E+01  7.77068E-01  4.60890E+01  4.64570E+01  2.39231E+01  2.25340E+01
  2.01900E+03  1.10000E+01  2.70000E+01  1.80000E+01  2.40000E+01  0.00000E+00  2.71571E+01  7.23600E-01  6.05260E+01  2.46105E+01  8.11044E-01  4.88630E+01  5.29057E+01  2.76148E+01  2.52908E+01
  2.01900E+03  1.10000E+01  2.70000E+01  1.80000E+01  2.60000E+01  0.00000E+00  2.58937E+01  7.08807E-01  5.96060E+01  2.37546E+01  7.91400E-01  4.85910E+01  5.07104E+01  2.63076E+01  2.44032E+01
  2.01900E+03  1.10000E+01  2.70000E+01  1.80000E+01  2.80000E+01  0.00000E+00  2.37290E+01  6.75534E-01  5.70480E+01  2.26674E+01  7.75139E-01  4.74460E+01  4.73907E+01  2.41037E+01  2.32870E+01
  2.01900E+03  1.10000E+01  2.70000E+01  1.80000E+01  3.00000E+01  0.00000E+00  2.32297E+01  6.68536E-01  5.63470E+01  2.22436E+01  7.69623E-01  4.69530E+01  4.64456E+01  2.35984E+01  2.28472E+01
  2.01900E+03  1.10000E+01  2.70000E+01  1.80000E+01  3.20000E+01  0.00000E+00  2.39824E+01  6.74318E-01  5.71890E+01  2.24761E+01  7.73331E-01  4.70230E+01  4.74598E+01  2.43727E+01  2.30872E+01
  2.01900E+03  1.10000E+01  2.70000E+01  1.80000E+01  3.40000E+01  0.00000E+00  2.40483E+01  6.78159E-01  5.75100E+01  2.26185E+01  7.74209E-01  4.72620E+01  4.76623E+01  2.44324E+01  2.32302E+01
  2.01900E+03  1.10000E+01  2.70000E+01  1.80000E+01  3.60000E+01  0.00000E+00  2.39763E+01  6.76607E-01  5.75120E+01  2.28028E+01  7.75141E-01  4.74320E+01  4.77798E+01  2.43582E+01  2.34214E+01
  2.01900E+03  1.10000E+01  2.70000E+01  1.80000E+01  3.80000E+01  0.00000E+00  2.37679E+01  6.76640E-01  5.74260E+01  2.23473E+01  7.66627E-01  4.71270E+01  4.71038E+01  2.41499E+01  2.29538E+01
  2.01900E+03  1.10000E+01  2.70000E+01  1.80000E+01  4.00000E+01  0.00000E+00  2.35922E+01  6.71288E-01  5.71700E+01  2.22299E+01  7.64141E-01  4.69460E+01  4.68099E+01  2.39733E+01  2.28367E+01
  2.01900E+03  1.10000E+01  2.70000E+01  1.80000E+01  4.20000E+01  0.00000E+00  2.37691E+01  6.69529E-01  5.72140E+01  2.25426E+01  7.70518E-01  4.70930E+01  4.73236E+01  2.41552E+01  2.31681E+01
  2.01900E+03  1.10000E+01  2.70000E+01  1.80000E+01  4.40000E+01  0.00000E+00  2.62178E+01  6.94204E-01  5.98660E+01  2.46322E+01  8.02382E-01  4.87940E+01  5.20009E+01  2.66786E+01  2.53222E+01
  2.01900E+03  1.10000E+01  2.70000E+01  1.80000E+01  4.60000E+01  0.00000E+00  2.74808E+01  7.18364E-01  6.19030E+01  2.50107E+01  8.02649E-01  4.96460E+01  5.36252E+01  2.79416E+01  2.56837E+01
  2.01900E+03  1.10000E+01  2.70000E+01  1.80000E+01  4.80000E+01  0.00000E+00  2.28253E+01  6.68840E-01  5.70830E+01  2.07377E+01  7.33478E-01  4.61810E+01  4.44342E+01  2.31532E+01  2.12810E+01
  2.01900E+03  1.10000E+01  2.70000E+01  1.80000E+01  5.00000E+01  0.00000E+00  1.97218E+01  6.10904E-01  5.24980E+01  1.78913E+01  6.89278E-01  4.28170E+01  3.83672E+01  2.00021E+01  1.83652E+01
  2.01900E+03  1.10000E+01  2.70000E+01  1.80000E+01  5.20000E+01  0.00000E+00  1.87522E+01  5.95254E-01  5.11590E+01  1.64101E+01  6.70448E-01  4.10940E+01  3.58517E+01  1.90198E+01  1.68320E+01
  2.01900E+03  1.10000E+01  2.70000E+01  1.80000E+01  5.40000E+01  0.00000E+00  1.71309E+01  5.69393E-01  4.86904E+01  1.51474E+01  6.59897E-01  3.94610E+01  3.29688E+01  1.74498E+01  1.55192E+01
  2.01900E+03  1.10000E+01  2.70000E+01  1.80000E+01  5.60000E+01  0.00000E+00  1.78678E+01  5.83548E-01  4.95108E+01  1.58403E+01  6.89400E-01  3.96790E+01  3.44482E+01  1.82351E+01  1.62132E+01
  2.01900E+03  1.10000E+01  2.70000E+01  1.80000E+01  5.80000E+01  0.00000E+00  1.69501E+01  5.82635E-01  4.87570E+01  1.46617E+01  6.74082E-01  3.83930E+01  3.21888E+01  1.72070E+01  1.49820E+01
  2.01900E+03  1.10000E+01  2.70000E+01  1.90000E+01  0.00000E+00  0.00000E+00  1.54005E+01  5.64735E-01  4.61521E+01  1.34222E+01  6.57636E-01  3.62520E+01  2.92957E+01  1.55909E+01  1.37048E+01
  2.01900E+03  1.10000E+01  2.70000E+01  1.90000E+01  2.00000E+00  0.00000E+00  1.44501E+01  5.62631E-01  4.38667E+01  1.34398E+01  6.64361E-01  3.54040E+01  2.82802E+01  1.45547E+01  1.37257E+01
  2.01900E+03  1.10000E+01  2.70000E+01  1.90000E+01  4.00000E+00  0.00000E+00  1.63418E+01  6.02330E-01  4.70208E+01  1.48802E+01  6.92813E-01  3.72690E+01  3.16578E+01  1.64460E+01  1.52120E+01
  2.01900E+03  1.10000E+01  2.70000E+01  1.90000E+01  6.00000E+00  0.00000E+00  1.72905E+01  6.11785E-01  4.78563E+01  1.58380E+01  7.07252E-01  3.84140E+01  3.36066E+01  1.74013E+01  1.62055E+01
  2.01900E+03  1.10000E+01  2.70000E+01  1.90000E+01  8.00000E+00  0.00000E+00  1.90758E+01  6.33837E-01  5.05365E+01  1.73358E+01  7.29392E-01  4.03990E+01  3.70260E+01  1.92721E+01  1.77539E+01
  2.01900E+03  1.10000E+01  2.70000E+01  1.90000E+01  1.00000E+01  0.00000E+00  1.93276E+01  6.33321E-01  5.10340E+01  1.76939E+01  7.27877E-01  4.10800E+01  3.76677E+01  1.95370E+01  1.81307E+01
  2.01900E+03  1.10000E+01  2.70000E+01  1.90000E+01  1.20000E+01  0.00000E+00  1.84218E+01  6.16207E-01  4.99160E+01  1.69078E+01  7.07085E-01  4.03870E+01  3.59876E+01  1.86529E+01  1.73349E+01
  2.01900E+03  1.10000E+01  2.70000E+01  1.90000E+01  1.40000E+01  0.00000E+00  1.90738E+01  6.20638E-01  5.12420E+01  1.74698E+01  7.12910E-01  4.08130E+01  3.72722E+01  1.93453E+01  1.79269E+01
  2.01900E+03  1.10000E+01  2.70000E+01  1.90000E+01  1.60000E+01  0.00000E+00  1.96199E+01  6.28666E-01  5.22370E+01  1.79724E+01  7.17578E-01  4.14680E+01  3.83727E+01  1.99310E+01  1.84418E+01
  2.01900E+03  1.10000E+01  2.70000E+01  1.90000E+01  1.80000E+01  0.00000E+00  1.99202E+01  6.30642E-01  5.25760E+01  1.85491E+01  7.23236E-01  4.21800E+01  3.92727E+01  2.02329E+01  1.90399E+01
  2.01900E+03  1.10000E+01  2.70000E+01  1.90000E+01  2.00000E+01  0.00000E+00  2.07322E+01  6.33508E-01  5.35240E+01  1.96054E+01  7.38584E-01  4.32360E+01  4.12141E+01  2.10867E+01  2.01277E+01
  2.01900E+03  1.10000E+01  2.70000E+01  1.90000E+01  2.20000E+01  0.00000E+00  2.12424E+01  6.45296E-01  5.43290E+01  1.96149E+01  7.36076E-01  4.36070E+01  4.17058E+01  2.15801E+01  2.01256E+01
  2.01900E+03  1.10000E+01  2.70000E+01  1.90000E+01  2.40000E+01  0.00000E+00  1.92396E+01  6.10422E-01  5.15530E+01  1.83155E+01  7.16853E-01  4.21300E+01  3.83412E+01  1.95416E+01  1.87997E+01
  2.01900E+03  1.10000E+01  2.70000E+01  1.90000E+01  2.60000E+01  0.00000E+00  2.02665E+01  6.25153E-01  5.26860E+01  1.91247E+01  7.34533E-01  4.27490E+01  4.02155E+01  2.05859E+01  1.96295E+01
  2.01900E+03  1.10000E+01  2.70000E+01  1.90000E+01  2.80000E+01  0.00000E+00  2.08696E+01  6.34557E-01  5.34990E+01  1.95519E+01  7.43795E-01  4.32900E+01  4.12656E+01  2.11989E+01  2.00668E+01
  2.01900E+03  1.10000E+01  2.70000E+01  1.90000E+01  2.80000E+01  0.00000E+00  2.08696E+01  6.34557E-01  5.34990E+01  1.95519E+01  7.43795E-01  4.32900E+01  4.12656E+01  2.11989E+01  2.00668E+01