# Data printout from CCMC-simulation: version 1D-1.3
# Data type:  LFM  Magnetosphere
# Run name:   Espen_Fredrick_050623_1
# Missing data:  -1.09951e+12
# year mo dy hr mi se JrPHI_N I_N DPhi_N JrPHI_S I_S DPhi_S Wdiss Wdiss_N Wdiss_S 
# year mo day hour min s GW MA kV GW MA kV GW GW GW 
  2.01900E+03  1.10000E+01  2.70000E+01  1.70000E+01  0.00000E+00  0.00000E+00  1.39983E+00  4.72849E-01  1.05851E+01  2.67050E+00  6.66836E-01  1.40497E+01  3.88037E+00  1.31077E+00  2.56960E+00
  2.01900E+03  1.10000E+01  2.70000E+01  1.70000E+01  2.00000E+00  0.00000E+00  1.64692E+00  4.98966E-01  1.04954E+01  2.86304E+00  6.87762E-01  1.39745E+01  4.31709E+00  1.55351E+00  2.76360E+00
  2.01900E+03  1.10000E+01  2.70000E+01  1.70000E+01  4.00000E+00  0.00000E+00  1.72107E+00  4.98224E-01  1.34723E+01  2.95622E+00  6.91935E-01  1.50722E+01  4.51468E+00  1.65061E+00  2.86409E+00
  2.01900E+03  1.10000E+01  2.70000E+01  1.70000E+01  6.00000E+00  0.00000E+00  1.75847E+00  4.74281E-01  1.54965E+01  3.07879E+00  6.67463E-01  1.59289E+01  4.69241E+00  1.70449E+00  2.98793E+00
  2.01900E+03  1.10000E+01  2.70000E+01  1.70000E+01  8.00000E+00  0.00000E+00  1.30570E+00  4.35349E-01  1.25085E+01  2.55293E+00  6.54005E-01  1.38765E+01  3.68348E+00  1.24319E+00  2.44029E+00
  2.01900E+03  1.10000E+01  2.70000E+01  1.70000E+01  1.00000E+01  0.00000E+00  1.28296E+00  4.55296E-01  1.05546E+01  2.39709E+00  6.67581E-01  1.21820E+01  3.48586E+00  1.20678E+00  2.27910E+00
  2.01900E+03  1.10000E+01  2.70000E+01  1.70000E+01  1.20000E+01  0.00000E+00  1.40975E+00  4.56871E-01  1.06792E+01  2.56195E+00  6.83266E-01  1.25170E+01  3.75124E+00  1.32286E+00  2.42839E+00
  2.01900E+03  1.10000E+01  2.70000E+01  1.70000E+01  1.40000E+01  0.00000E+00  1.38854E+00  4.60662E-01  1.05711E+01  2.57475E+00  6.74813E-01  1.20772E+01  3.72491E+00  1.30338E+00  2.42154E+00
  2.01900E+03  1.10000E+01  2.70000E+01  1.70000E+01  1.60000E+01  0.00000E+00  1.30922E+00  4.52704E-01  9.57811E+00  2.35075E+00  6.53168E-01  1.11944E+01  3.41497E+00  1.21682E+00  2.19815E+00
  2.01900E+03  1.10000E+01  2.70000E+01  1.70000E+01  1.80000E+01  0.00000E+00  1.24221E+00  4.46419E-01  8.62675E+00  2.22217E+00  6.36847E-01  1.02201E+01  3.23107E+00  1.15232E+00  2.07875E+00
  2.01900E+03  1.10000E+01  2.70000E+01  1.70000E+01  2.00000E+01  0.00000E+00  1.21216E+00  4.37032E-01  8.05589E+00  2.19360E+00  6.33243E-01  9.34993E+00  3.18441E+00  1.12326E+00  2.06115E+00
  2.01900E+03  1.10000E+01  2.70000E+01  1.70000E+01  2.20000E+01  0.00000E+00  1.15543E+00  4.30227E-01  7.70270E+00  2.19841E+00  6.27030E-01  1.02706E+01  3.16000E+00  1.07590E+00  2.08410E+00
  2.01900E+03  1.10000E+01  2.70000E+01  1.70000E+01  2.40000E+01  0.00000E+00  1.13235E+00  4.12906E-01  8.15515E+00  2.25929E+00  6.20990E-01  1.08703E+01  3.23951E+00  1.06395E+00  2.17557E+00
  2.01900E+03  1.10000E+01  2.70000E+01  1.70000E+01  2.60000E+01  0.00000E+00  1.17458E+00  4.05913E-01  9.04856E+00  2.27605E+00  6.04534E-01  1.14524E+01  3.35661E+00  1.11662E+00  2.24000E+00
  2.01900E+03  1.10000E+01  2.70000E+01  1.70000E+01  2.80000E+01  0.00000E+00  1.21398E+00  3.90197E-01  1.12137E+01  2.38836E+00  5.90276E-01  1.38330E+01  3.59257E+00  1.17053E+00  2.42206E+00
  2.01900E+03  1.10000E+01  2.70000E+01  1.70000E+01  3.00000E+01  0.00000E+00  8.88334E-01  3.60581E-01  1.09243E+01  2.00437E+00  5.53774E-01  1.22190E+01  2.88798E+00  8.42875E-01  2.04512E+00
  2.01900E+03  1.10000E+01  2.70000E+01  1.70000E+01  3.20000E+01  0.00000E+00  1.23915E+00  3.93815E-01  1.24362E+01  2.72277E+00  5.95034E-01  1.55203E+01  3.96838E+00  1.20455E+00  2.76383E+00
  2.01900E+03  1.10000E+01  2.70000E+01  1.70000E+01  3.40000E+01  0.00000E+00  1.99937E+00  4.27469E-01  1.78633E+01  3.88961E+00  6.31211E-01  1.94496E+01  5.91840E+00  1.96786E+00  3.95053E+00
  2.01900E+03  1.10000E+01  2.70000E+01  1.70000E+01  3.60000E+01  0.00000E+00  1.51911E+00  4.15572E-01  1.24518E+01  4.20514E+00  6.45116E-01  1.91269E+01  5.81646E+00  1.48625E+00  4.33020E+00
  2.01900E+03  1.10000E+01  2.70000E+01  1.70000E+01  3.80000E+01  0.00000E+00  2.66104E+00  4.17609E-01  2.13495E+01  7.21629E+00  6.94550E-01  2.73188E+01  1.01021E+01  2.67545E+00  7.42662E+00
  2.01900E+03  1.10000E+01  2.70000E+01  1.70000E+01  4.00000E+01  0.00000E+00  5.27618E+00  5.02565E-01  3.13643E+01  1.16116E+01  8.24357E-01  3.54078E+01  1.71720E+01  5.30874E+00  1.18632E+01
  2.01900E+03  1.10000E+01  2.70000E+01  1.70000E+01  4.20000E+01  0.00000E+00  1.27919E+01  6.04181E-01  5.23706E+01  1.97610E+01  9.08516E-01  4.86706E+01  3.28896E+01  1.29755E+01  1.99142E+01
  2.01900E+03  1.10000E+01  2.70000E+01  1.70000E+01  4.40000E+01  0.00000E+00  2.06848E+01  6.76983E-01  6.84814E+01  2.77644E+01  1.00304E+00  5.84273E+01  4.90939E+01  2.11221E+01  2.79720E+01
  2.01900E+03  1.10000E+01  2.70000E+01  1.70000E+01  4.60000E+01  0.00000E+00  2.19885E+01  7.27858E-01  7.15053E+01  3.33196E+01  1.11362E+00  6.35542E+01  5.57848E+01  2.23772E+01  3.34075E+01
  2.01900E+03  1.10000E+01  2.70000E+01  1.70000E+01  4.80000E+01  0.00000E+00  2.40531E+01  7.69320E-01  7.46544E+01  3.79638E+01  1.16184E+00  6.69688E+01  6.25786E+01  2.44497E+01  3.81289E+01
  2.01900E+03  1.10000E+01  2.70000E+01  1.70000E+01  5.00000E+01  0.00000E+00  3.04973E+01  8.12895E-01  8.17562E+01  4.39524E+01  1.23348E+00  7.16193E+01  7.53051E+01  3.10115E+01  4.42936E+01
  2.01900E+03  1.10000E+01  2.70000E+01  1.70000E+01  5.20000E+01  0.00000E+00  4.59904E+01  9.23098E-01  1.01148E+02  6.41745E+01  1.38907E+00  8.72038E+01  1.11650E+02  4.68558E+01  6.47947E+01
  2.01900E+03  1.10000E+01  2.70000E+01  1.70000E+01  5.40000E+01  0.00000E+00  5.20511E+01  9.94499E-01  1.07602E+02  6.98826E+01  1.44980E+00  9.25057E+01  1.23539E+02  5.29543E+01  7.05846E+01
  2.01900E+03  1.10000E+01  2.70000E+01  1.70000E+01  5.60000E+01  0.00000E+00  5.35724E+01  1.00784E+00  1.09007E+02  7.04811E+01  1.49381E+00  9.27177E+01  1.25627E+02  5.44712E+01  7.11554E+01
  2.01900E+03  1.10000E+01  2.70000E+01  1.70000E+01  5.80000E+01  0.00000E+00  5.26699E+01  1.00776E+00  1.08756E+02  7.29654E+01  1.55931E+00  9.35387E+01  1.27030E+02  5.34993E+01  7.35309E+01
  2.01900E+03  1.10000E+01  2.70000E+01  1.80000E+01  0.00000E+00  0.00000E+00  5.08567E+01  1.01928E+00  1.06206E+02  7.38709E+01  1.60425E+00  9.42843E+01  1.26027E+02  5.16757E+01  7.43509E+01
  2.01900E+03  1.10000E+01  2.70000E+01  1.80000E+01  2.00000E+00  0.00000E+00  5.27190E+01  1.03731E+00  1.06349E+02  7.68108E+01  1.61609E+00  9.58866E+01  1.30839E+02  5.35845E+01  7.72541E+01
  2.01900E+03  1.10000E+01  2.70000E+01  1.80000E+01  4.00000E+00  0.00000E+00  5.07190E+01  1.03855E+00  1.04438E+02  7.39477E+01  1.62163E+00  9.43534E+01  1.25838E+02  5.14520E+01  7.43868E+01
  2.01900E+03  1.10000E+01  2.70000E+01  1.80000E+01  6.00000E+00  0.00000E+00  4.98445E+01  1.06619E+00  1.02765E+02  7.23708E+01  1.63343E+00  9.29458E+01  1.23239E+02  5.04438E+01  7.27958E+01
  2.01900E+03  1.10000E+01  2.70000E+01  1.80000E+01  8.00000E+00  0.00000E+00  4.18407E+01  1.03712E+00  9.29943E+01  6.68446E+01  1.63115E+00  8.81117E+01  1.09475E+02  4.23040E+01  6.71715E+01
  2.01900E+03  1.10000E+01  2.70000E+01  1.80000E+01  1.00000E+01  0.00000E+00  3.87185E+01  1.03140E+00  8.76956E+01  6.23569E+01  1.61513E+00  8.37713E+01  1.01726E+02  3.91034E+01  6.26223E+01
  2.01900E+03  1.10000E+01  2.70000E+01  1.80000E+01  1.20000E+01  0.00000E+00  4.29746E+01  1.04520E+00  9.14191E+01  6.78917E+01  1.67525E+00  8.63583E+01  1.11672E+02  4.34814E+01  6.81906E+01
  2.01900E+03  1.10000E+01  2.70000E+01  1.80000E+01  1.40000E+01  0.00000E+00  4.08425E+01  1.07871E+00  8.83458E+01  6.56721E+01  1.67991E+00  8.47196E+01  1.07221E+02  4.12837E+01  6.59371E+01
  2.01900E+03  1.10000E+01  2.70000E+01  1.80000E+01  1.60000E+01  0.00000E+00  5.28174E+01  1.12180E+00  1.00355E+02  7.86207E+01  1.75537E+00  9.20468E+01  1.32802E+02  5.37220E+01  7.90804E+01
  2.01900E+03  1.10000E+01  2.70000E+01  1.80000E+01  1.80000E+01  0.00000E+00  4.94722E+01  1.13910E+00  9.83756E+01  7.78669E+01  1.78862E+00  9.34054E+01  1.28422E+02  5.01261E+01  7.82961E+01
  2.01900E+03  1.10000E+01  2.70000E+01  1.80000E+01  2.00000E+01  0.00000E+00  4.28353E+01  1.12776E+00  8.92931E+01  6.61961E+01  1.73428E+00  8.49260E+01  1.09818E+02  4.33061E+01  6.65122E+01
  2.01900E+03  1.10000E+01  2.70000E+01  1.80000E+01  2.20000E+01  0.00000E+00  4.03234E+01  1.13628E+00  8.56890E+01  6.31692E+01  1.76489E+00  8.07853E+01  1.04255E+02  4.07253E+01  6.35299E+01
  2.01900E+03  1.10000E+01  2.70000E+01  1.80000E+01  2.40000E+01  0.00000E+00  4.18670E+01  1.16084E+00  8.64196E+01  6.47676E+01  1.77844E+00  8.16777E+01  1.07459E+02  4.23529E+01  6.51069E+01
  2.01900E+03  1.10000E+01  2.70000E+01  1.80000E+01  2.60000E+01  0.00000E+00  4.74117E+01  1.23096E+00  9.21535E+01  6.73773E+01  1.77753E+00  8.37284E+01  1.15711E+02  4.79852E+01  6.77262E+01
  2.01900E+03  1.10000E+01  2.70000E+01  1.80000E+01  2.80000E+01  0.00000E+00  5.84535E+01  1.35721E+00  1.00656E+02  7.66472E+01  1.92911E+00  8.93295E+01  1.36051E+02  5.89827E+01  7.70693E+01
  2.01900E+03  1.10000E+01  2.70000E+01  1.80000E+01  3.00000E+01  0.00000E+00  5.80108E+01  1.43300E+00  9.93685E+01  7.88950E+01  2.04906E+00  8.93124E+01  1.37348E+02  5.82270E+01  7.91208E+01
  2.01900E+03  1.10000E+01  2.70000E+01  1.80000E+01  3.20000E+01  0.00000E+00  6.24636E+01  1.42850E+00  1.04086E+02  8.72679E+01  2.11522E+00  9.32912E+01  1.50332E+02  6.28371E+01  8.74955E+01
  2.01900E+03  1.10000E+01  2.70000E+01  1.80000E+01  3.40000E+01  0.00000E+00  7.13525E+01  1.52012E+00  1.12348E+02  9.26960E+01  2.14712E+00  9.72633E+01  1.64666E+02  7.17845E+01  9.28820E+01
  2.01900E+03  1.10000E+01  2.70000E+01  1.80000E+01  3.60000E+01  0.00000E+00  7.82836E+01  1.63536E+00  1.20843E+02  1.00230E+02  2.28633E+00  1.01077E+02  1.78903E+02  7.84117E+01  1.00491E+02
  2.01900E+03  1.10000E+01  2.70000E+01  1.80000E+01  3.80000E+01  0.00000E+00  7.64216E+01  1.71267E+00  1.19519E+02  9.94448E+01  2.37414E+00  1.01416E+02  1.75956E+02  7.63314E+01  9.96243E+01
  2.01900E+03  1.10000E+01  2.70000E+01  1.80000E+01  4.00000E+01  0.00000E+00  7.44672E+01  1.67460E+00  1.19072E+02  9.17401E+01  2.30287E+00  9.76638E+01  1.66374E+02  7.44475E+01  9.19265E+01
  2.01900E+03  1.10000E+01  2.70000E+01  1.80000E+01  4.20000E+01  0.00000E+00  8.20233E+01  1.70483E+00  1.26082E+02  9.97933E+01  2.31338E+00  1.04103E+02  1.82230E+02  8.20652E+01  1.00165E+02
  2.01900E+03  1.10000E+01  2.70000E+01  1.80000E+01  4.40000E+01  0.00000E+00  9.13727E+01  1.79882E+00  1.30976E+02  1.08564E+02  2.34208E+00  1.11700E+02  2.00846E+02  9.18005E+01  1.09045E+02
  2.01900E+03  1.10000E+01  2.70000E+01  1.80000E+01  4.60000E+01  0.00000E+00  8.77725E+01  1.84600E+00  1.28789E+02  1.10633E+02  2.38686E+00  1.14878E+02  1.98825E+02  8.77476E+01  1.11078E+02
  2.01900E+03  1.10000E+01  2.70000E+01  1.80000E+01  4.80000E+01  0.00000E+00  7.37788E+01  1.79161E+00  1.15530E+02  9.52392E+01  2.34944E+00  1.08066E+02  1.68882E+02  7.34393E+01  9.54421E+01
  2.01900E+03  1.10000E+01  2.70000E+01  1.80000E+01  5.00000E+01  0.00000E+00  6.59101E+01  1.74664E+00  1.08381E+02  8.66840E+01  2.31779E+00  1.00867E+02  1.52116E+02  6.54410E+01  8.66756E+01
  2.01900E+03  1.10000E+01  2.70000E+01  1.80000E+01  5.20000E+01  0.00000E+00  6.08217E+01  1.68982E+00  1.03082E+02  8.16478E+01  2.27206E+00  9.85133E+01  1.42109E+02  6.03833E+01  8.17254E+01
  2.01900E+03  1.10000E+01  2.70000E+01  1.80000E+01  5.40000E+01  0.00000E+00  5.51200E+01  1.64458E+00  9.67803E+01  8.06800E+01  2.29272E+00  9.71822E+01  1.35890E+02  5.48890E+01  8.10013E+01
  2.01900E+03  1.10000E+01  2.70000E+01  1.80000E+01  5.40000E+01  0.00000E+00  5.51200E+01  1.64458E+00  9.67803E+01  8.06800E+01  2.29272E+00  9.71822E+01  1.35890E+02  5.48890E+01  8.10013E+01
  2.01900E+03  1.10000E+01  2.70000E+01  1.80000E+01  5.60000E+01  0.00000E+00  5.14120E+01  1.61384E+00  9.05792E+01  8.16788E+01  2.37025E+00  9.44087E+01  1.32926E+02  5.10575E+01  8.18683E+01
  2.01900E+03  1.10000E+01  2.70000E+01  1.80000E+01  5.60000E+01  0.00000E+00  5.14120E+01  1.61384E+00  9.05792E+01  8.16788E+01  2.37025E+00  9.44087E+01  1.32926E+02  5.10575E+01  8.18683E+01
  2.01900E+03  1.10000E+01  2.70000E+01  1.80000E+01  5.80000E+01  0.00000E+00  5.06274E+01  1.61831E+00  8.92818E+01  8.43765E+01  2.43971E+00  9.47643E+01  1.34637E+02  5.02236E+01  8.44128E+01
  2.01900E+03  1.10000E+01  2.70000E+01  1.90000E+01  0.00000E+00  0.00000E+00  4.95590E+01  1.61574E+00  8.64500E+01  8.55056E+01  2.45910E+00  9.45890E+01  1.34761E+02  4.91546E+01  8.56065E+01
  2.01900E+03  1.10000E+01  2.70000E+01  1.90000E+01  2.00000E+00  0.00000E+00  4.70498E+01  1.61003E+00  8.05367E+01  8.56791E+01  2.50864E+00  9.23820E+01  1.32405E+02  4.66903E+01  8.57144E+01
  2.01900E+03  1.10000E+01  2.70000E+01  1.90000E+01  4.00000E+00  0.00000E+00  4.82957E+01  1.62781E+00  7.92921E+01  8.62575E+01  2.55401E+00  9.02900E+01  1.34265E+02  4.79950E+01  8.62704E+01
  2.01900E+03  1.10000E+01  2.70000E+01  1.90000E+01  4.00000E+00  0.00000E+00  4.82957E+01  1.62781E+00  7.92921E+01  8.62575E+01  2.55401E+00  9.02900E+01  1.34265E+02  4.79950E+01  8.62704E+01
  2.01900E+03  1.10000E+01  2.70000E+01  1.90000E+01  6.00000E+00  0.00000E+00  5.34763E+01  1.65217E+00  8.74891E+01  8.51053E+01  2.53742E+00  8.85047E+01  1.38408E+02  5.33186E+01  8.50896E+01
  2.01900E+03  1.10000E+01  2.70000E+01  1.90000E+01  6.00000E+00  0.00000E+00  5.34763E+01  1.65217E+00  8.74891E+01  8.51053E+01  2.53742E+00  8.85047E+01  1.38408E+02  5.33186E+01  8.50896E+01
  2.01900E+03  1.10000E+01  2.70000E+01  1.90000E+01  8.00000E+00  0.00000E+00  5.95103E+01  1.66343E+00  9.61697E+01  8.54553E+01  2.48476E+00  9.09294E+01  1.45272E+02  5.96251E+01  8.56467E+01
  2.01900E+03  1.10000E+01  2.70000E+01  1.90000E+01  8.00000E+00  0.00000E+00  5.95103E+01  1.66343E+00  9.61697E+01  8.54553E+01  2.48476E+00  9.09294E+01  1.45272E+02  5.96251E+01  8.56467E+01
  2.01900E+03  1.10000E+01  2.70000E+01  1.90000E+01  1.00000E+01  0.00000E+00  5.99652E+01  1.67347E+00  9.74273E+01  8.15544E+01  2.40925E+00  8.92546E+01  1.42179E+02  6.01465E+01  8.20331E+01
  2.01900E+03  1.10000E+01  2.70000E+01  1.90000E+01  1.00000E+01  0.00000E+00  5.99652E+01  1.67347E+00  9.74273E+01  8.15544E+01  2.40925E+00  8.92546E+01  1.42179E+02  6.01465E+01  8.20331E+01
  2.01900E+03  1.10000E+01  2.70000E+01  1.90000E+01  1.20000E+01  0.00000E+00  6.30319E+01  1.65939E+00  1.01925E+02  8.52682E+01  2.42122E+00  9.32071E+01  1.48993E+02  6.33082E+01  8.56852E+01
  2.01900E+03  1.10000E+01  2.70000E+01  1.90000E+01  1.20000E+01  0.00000E+00  6.30319E+01  1.65939E+00  1.01925E+02  8.52682E+01  2.42122E+00  9.32071E+01  1.48993E+02  6.33082E+01  8.56852E+01
  2.01900E+03  1.10000E+01  2.70000E+01  1.90000E+01  1.40000E+01  0.00000E+00  6.09356E+01  1.63816E+00  1.01910E+02  8.66650E+01  2.47771E+00  9.33171E+01  1.48217E+02  6.10439E+01  8.71731E+01
  2.01900E+03  1.10000E+01  2.70000E+01  1.90000E+01  1.40000E+01  0.00000E+00  6.09356E+01  1.63816E+00  1.01910E+02  8.66650E+01  2.47771E+00  9.33171E+01  1.48217E+02  6.10439E+01  8.71731E+01
  2.01900E+03  1.10000E+01  2.70000E+01  1.90000E+01  1.60000E+01  0.00000E+00  6.71415E+01  1.68099E+00  1.09635E+02  9.38138E+01  2.52818E+00  9.80362E+01  1.61564E+02  6.74291E+01  9.41354E+01
  2.01900E+03  1.10000E+01  2.70000E+01  1.90000E+01  1.60000E+01  0.00000E+00  6.71415E+01  1.68099E+00  1.09635E+02  9.38138E+01  2.52818E+00  9.80362E+01  1.61564E+02  6.74291E+01  9.41354E+01
  2.01900E+03  1.10000E+01  2.70000E+01  1.90000E+01  1.80000E+01  0.00000E+00  6.78373E+01  1.71142E+00  1.11366E+02  9.56723E+01  2.60667E+00  9.99331E+01  1.64121E+02  6.80202E+01  9.61018E+01
  2.01900E+03  1.10000E+01  2.70000E+01  1.90000E+01  1.80000E+01  0.00000E+00  6.78373E+01  1.71142E+00  1.11366E+02  9.56723E+01  2.60667E+00  9.99331E+01  1.64121E+02  6.80202E+01  9.61018E+01
  2.01900E+03  1.10000E+01  2.70000E+01  1.90000E+01  2.00000E+01  0.00000E+00  6.87382E+01  1.68735E+00  1.14049E+02  9.18647E+01  2.54627E+00  9.86944E+01  1.61359E+02  6.89569E+01  9.24021E+01
  2.01900E+03  1.10000E+01  2.70000E+01  1.90000E+01  2.00000E+01  0.00000E+00  6.87382E+01  1.68735E+00  1.14049E+02  9.18647E+01  2.54627E+00  9.86944E+01  1.61359E+02  6.89569E+01  9.24021E+01
  2.01900E+03  1.10000E+01  2.70000E+01  1.90000E+01  2.20000E+01  0.00000E+00  7.06345E+01  1.70604E+00  1.17630E+02  9.36150E+01  2.56149E+00  1.01186E+02  1.65030E+02  7.09643E+01  9.40664E+01
  2.01900E+03  1.10000E+01  2.70000E+01  1.90000E+01  2.20000E+01  0.00000E+00  7.06345E+01  1.70604E+00  1.17630E+02  9.36150E+01  2.56149E+00  1.01186E+02  1.65030E+02  7.09643E+01  9.40664E+01
  2.01900E+03  1.10000E+01  2.70000E+01  1.90000E+01  2.40000E+01  0.00000E+00  6.69984E+01  1.71168E+00  1.12501E+02  8.88183E+01  2.53000E+00  9.86511E+01  1.56409E+02  6.71665E+01  8.92433E+01
  2.01900E+03  1.10000E+01  2.70000E+01  1.90000E+01  2.40000E+01  0.00000E+00  6.69984E+01  1.71168E+00  1.12501E+02  8.88183E+01  2.53000E+00  9.86511E+01  1.56409E+02  6.71665E+01  8.92433E+01
  2.01900E+03  1.10000E+01  2.70000E+01  1.90000E+01  2.60000E+01  0.00000E+00  6.97063E+01  1.70967E+00  1.14876E+02  9.33761E+01  2.54754E+00  1.01928E+02  1.63829E+02  7.00227E+01  9.38069E+01
  2.01900E+03  1.10000E+01  2.70000E+01  1.90000E+01  2.60000E+01  0.00000E+00  6.97063E+01  1.70967E+00  1.14876E+02  9.33761E+01  2.54754E+00  1.01928E+02  1.63829E+02  7.00227E+01  9.38069E+01
  2.01900E+03  1.10000E+01  2.70000E+01  1.90000E+01  2.80000E+01  0.00000E+00  6.79212E+01  1.72809E+00  1.13531E+02  9.78523E+01  2.60215E+00  1.04344E+02  1.66439E+02  6.81700E+01  9.82686E+01
  2.01900E+03  1.10000E+01  2.70000E+01  1.90000E+01  2.80000E+01  0.00000E+00  6.79212E+01  1.72809E+00  1.13531E+02  9.78523E+01  2.60215E+00  1.04344E+02  1.66439E+02  6.81700E+01  9.82686E+01
