# Data printout from CCMC-simulation: version 1D-1.3
# Data type:  SWMF  Magnetosphere
# Run name:   Espen_Fredrick_050523_7
# Missing data:  -1.09951e+12
# year mo dy hr mi se JrPHI_N I_N DPhi_N JrPHI_S I_S DPhi_S Wdiss Wdiss_N Wdiss_S 
# year mo day hour min s GW MA kV GW MA kV GW GW GW 
  2.01900E+03  1.10000E+01  2.70000E+01  1.70000E+01  0.00000E+00  0.00000E+00  2.41965E-01  6.53630E-02  7.57630E+00  2.79322E-01  9.36324E-02  6.05980E+00  5.29388E-01  2.46547E-01  2.82843E-01
  2.01900E+03  1.10000E+01  2.70000E+01  1.70000E+01  2.00000E+00  0.00000E+00  3.04326E-01  8.16827E-02  9.06430E+00  5.15202E-01  1.30939E-01  7.69710E+00  8.25131E-01  3.06727E-01  5.18403E-01
  2.01900E+03  1.10000E+01  2.70000E+01  1.70000E+01  4.00000E+00  0.00000E+00  2.71633E-01  9.61101E-02  7.75520E+00  6.02603E-01  1.45594E-01  8.21240E+00  8.81068E-01  2.74931E-01  6.06139E-01
  2.01900E+03  1.10000E+01  2.70000E+01  1.70000E+01  6.00000E+00  0.00000E+00  2.81892E-01  1.07559E-01  7.17920E+00  6.42066E-01  1.56708E-01  8.28630E+00  9.33247E-01  2.86643E-01  6.46601E-01
  2.01900E+03  1.10000E+01  2.70000E+01  1.70000E+01  8.00000E+00  0.00000E+00  3.31120E-01  1.23501E-01  7.31940E+00  6.87502E-01  1.69318E-01  8.42480E+00  1.03277E+00  3.38363E-01  6.94408E-01
  2.01900E+03  1.10000E+01  2.70000E+01  1.70000E+01  1.00000E+01  0.00000E+00  3.84681E-01  1.31414E-01  7.69370E+00  7.27440E-01  1.78727E-01  8.51390E+00  1.13053E+00  3.94116E-01  7.36416E-01
  2.01900E+03  1.10000E+01  2.70000E+01  1.70000E+01  1.20000E+01  0.00000E+00  3.87816E-01  1.33258E-01  8.00620E+00  7.25112E-01  1.76798E-01  8.63600E+00  1.12983E+00  3.95733E-01  7.34093E-01
  2.01900E+03  1.10000E+01  2.70000E+01  1.70000E+01  1.40000E+01  0.00000E+00  3.54700E-01  1.29228E-01  7.90440E+00  7.38562E-01  1.84363E-01  8.84800E+00  1.10809E+00  3.60067E-01  7.48019E-01
  2.01900E+03  1.10000E+01  2.70000E+01  1.70000E+01  1.60000E+01  0.00000E+00  5.89340E-01  1.64441E-01  8.53430E+00  9.15741E-01  2.15876E-01  8.36450E+00  1.53520E+00  6.02144E-01  9.33058E-01
  2.01900E+03  1.10000E+01  2.70000E+01  1.70000E+01  1.80000E+01  0.00000E+00  8.06728E-01  1.78684E-01  1.22671E+01  1.03912E+00  2.24945E-01  8.30250E+00  1.89128E+00  8.26962E-01  1.06432E+00
  2.01900E+03  1.10000E+01  2.70000E+01  1.70000E+01  2.00000E+01  0.00000E+00  8.28600E-01  1.78707E-01  1.32466E+01  1.00384E+00  2.15943E-01  8.77870E+00  1.88667E+00  8.53952E-01  1.03272E+00
  2.01900E+03  1.10000E+01  2.70000E+01  1.70000E+01  2.20000E+01  0.00000E+00  7.28955E-01  1.68197E-01  1.24769E+01  8.59997E-01  1.98844E-01  8.67960E+00  1.64176E+00  7.51467E-01  8.90298E-01
  2.01900E+03  1.10000E+01  2.70000E+01  1.70000E+01  2.40000E+01  0.00000E+00  6.61429E-01  1.57740E-01  1.12042E+01  7.44107E-01  1.85047E-01  8.19420E+00  1.44991E+00  6.79965E-01  7.69939E-01
  2.01900E+03  1.10000E+01  2.70000E+01  1.70000E+01  2.60000E+01  0.00000E+00  7.16962E-01  1.54811E-01  1.07761E+01  7.16444E-01  1.78465E-01  8.01490E+00  1.47531E+00  7.34690E-01  7.40623E-01
  2.01900E+03  1.10000E+01  2.70000E+01  1.70000E+01  2.80000E+01  0.00000E+00  8.66478E-01  1.57414E-01  1.10952E+01  7.69885E-01  1.79403E-01  8.26100E+00  1.67832E+00  8.84405E-01  7.93928E-01
  2.01900E+03  1.10000E+01  2.70000E+01  1.70000E+01  3.00000E+01  0.00000E+00  1.04376E+00  1.62966E-01  1.21429E+01  8.74167E-01  1.84704E-01  8.80780E+00  1.96224E+00  1.06227E+00  8.99976E-01
  2.01900E+03  1.10000E+01  2.70000E+01  1.70000E+01  3.20000E+01  0.00000E+00  1.19602E+00  1.71330E-01  1.37528E+01  9.83948E-01  1.90424E-01  9.46420E+00  2.23285E+00  1.22006E+00  1.01279E+00
  2.01900E+03  1.10000E+01  2.70000E+01  1.70000E+01  3.40000E+01  0.00000E+00  1.12443E+00  1.70154E-01  1.35052E+01  9.16560E-01  1.85167E-01  8.80110E+00  2.08141E+00  1.14258E+00  9.38825E-01
  2.01900E+03  1.10000E+01  2.70000E+01  1.70000E+01  3.60000E+01  0.00000E+00  1.30945E+00  1.73302E-01  1.44986E+01  1.10124E+00  1.97969E-01  9.67770E+00  2.45572E+00  1.32919E+00  1.12654E+00
  2.01900E+03  1.10000E+01  2.70000E+01  1.70000E+01  3.80000E+01  0.00000E+00  3.36148E+00  2.59843E-01  2.31069E+01  2.94481E+00  3.11834E-01  1.54981E+01  6.49223E+00  3.45061E+00  3.04160E+00
  2.01900E+03  1.10000E+01  2.70000E+01  1.70000E+01  4.00000E+01  0.00000E+00  4.80879E+00  2.98192E-01  2.83771E+01  4.28507E+00  3.60285E-01  2.03242E+01  9.35337E+00  4.93269E+00  4.42066E+00
  2.01900E+03  1.10000E+01  2.70000E+01  1.70000E+01  4.20000E+01  0.00000E+00  5.92668E+00  3.34853E-01  3.00324E+01  5.69910E+00  4.11579E-01  2.35300E+01  1.18855E+01  6.02255E+00  5.86288E+00
  2.01900E+03  1.10000E+01  2.70000E+01  1.70000E+01  4.40000E+01  0.00000E+00  5.54589E+00  3.32786E-01  2.95174E+01  6.39862E+00  4.39044E-01  2.42950E+01  1.22308E+01  5.65984E+00  6.57104E+00
  2.01900E+03  1.10000E+01  2.70000E+01  1.70000E+01  4.60000E+01  0.00000E+00  8.51360E+00  3.98562E-01  3.57289E+01  8.44800E+00  4.91554E-01  2.82080E+01  1.73135E+01  8.64528E+00  8.66824E+00
  2.01900E+03  1.10000E+01  2.70000E+01  1.70000E+01  4.80000E+01  0.00000E+00  9.17257E+00  4.15157E-01  3.75135E+01  1.00082E+01  5.34968E-01  3.07420E+01  1.95722E+01  9.29982E+00  1.02724E+01
  2.01900E+03  1.10000E+01  2.70000E+01  1.70000E+01  5.00000E+01  0.00000E+00  1.40908E+01  5.02737E-01  4.53850E+01  1.35116E+01  6.10667E-01  3.57940E+01  2.81998E+01  1.43194E+01  1.38804E+01
  2.01900E+03  1.10000E+01  2.70000E+01  1.70000E+01  5.20000E+01  0.00000E+00  1.74810E+01  5.54376E-01  5.01190E+01  1.67392E+01  6.68895E-01  4.00230E+01  3.49831E+01  1.77721E+01  1.72110E+01
  2.01900E+03  1.10000E+01  2.70000E+01  1.70000E+01  5.40000E+01  0.00000E+00  1.70357E+01  5.61725E-01  4.97090E+01  1.59610E+01  6.51655E-01  4.00420E+01  3.36798E+01  1.72763E+01  1.64036E+01
  2.01900E+03  1.10000E+01  2.70000E+01  1.70000E+01  5.60000E+01  0.00000E+00  1.63544E+01  5.57316E-01  4.79630E+01  1.57037E+01  6.51113E-01  3.97210E+01  3.27468E+01  1.66075E+01  1.61393E+01
  2.01900E+03  1.10000E+01  2.70000E+01  1.70000E+01  5.80000E+01  0.00000E+00  1.93019E+01  5.96464E-01  5.07480E+01  1.91076E+01  7.18303E-01  4.25950E+01  3.93128E+01  1.96417E+01  1.96712E+01
  2.01900E+03  1.10000E+01  2.70000E+01  1.80000E+01  0.00000E+00  0.00000E+00  2.67819E+01  6.78031E-01  6.05560E+01  2.34365E+01  7.78510E-01  4.73310E+01  5.14510E+01  2.73026E+01  2.41484E+01
  2.01900E+03  1.10000E+01  2.70000E+01  1.80000E+01  2.00000E+00  0.00000E+00  2.74161E+01  6.95106E-01  6.18410E+01  2.40170E+01  7.80405E-01  4.87330E+01  5.26878E+01  2.79353E+01  2.47526E+01
  2.01900E+03  1.10000E+01  2.70000E+01  1.80000E+01  4.00000E+00  0.00000E+00  2.61242E+01  6.84873E-01  6.01090E+01  2.31262E+01  7.67946E-01  4.79880E+01  5.04427E+01  2.66064E+01  2.38363E+01
  2.01900E+03  1.10000E+01  2.70000E+01  1.80000E+01  6.00000E+00  0.00000E+00  2.60174E+01  6.81708E-01  5.95520E+01  2.28479E+01  7.65030E-01  4.73820E+01  5.00341E+01  2.64993E+01  2.35348E+01
  2.01900E+03  1.10000E+01  2.70000E+01  1.80000E+01  8.00000E+00  0.00000E+00  2.57160E+01  6.77071E-01  5.93010E+01  2.23568E+01  7.58618E-01  4.68910E+01  4.92223E+01  2.61930E+01  2.30293E+01
  2.01900E+03  1.10000E+01  2.70000E+01  1.80000E+01  1.00000E+01  0.00000E+00  2.59448E+01  6.84709E-01  5.97010E+01  2.17329E+01  7.50178E-01  4.64720E+01  4.88203E+01  2.64331E+01  2.23872E+01
  2.01900E+03  1.10000E+01  2.70000E+01  1.80000E+01  1.20000E+01  0.00000E+00  2.45248E+01  6.70149E-01  5.78920E+01  2.03574E+01  7.32765E-01  4.52580E+01  4.59533E+01  2.49844E+01  2.09692E+01
  2.01900E+03  1.10000E+01  2.70000E+01  1.80000E+01  1.40000E+01  0.00000E+00  2.27015E+01  6.49592E-01  5.55140E+01  1.86512E+01  7.11371E-01  4.35570E+01  4.22999E+01  2.30995E+01  1.92003E+01
  2.01900E+03  1.10000E+01  2.70000E+01  1.80000E+01  1.60000E+01  0.00000E+00  2.12217E+01  6.37810E-01  5.33320E+01  1.74193E+01  7.03206E-01  4.20280E+01  3.94925E+01  2.15825E+01  1.79099E+01
  2.01900E+03  1.10000E+01  2.70000E+01  1.80000E+01  1.80000E+01  0.00000E+00  2.24920E+01  6.55208E-01  5.42466E+01  1.90442E+01  7.50155E-01  4.27230E+01  4.26506E+01  2.30581E+01  1.95925E+01
  2.01900E+03  1.10000E+01  2.70000E+01  1.80000E+01  2.00000E+01  0.00000E+00  2.61693E+01  7.14930E-01  5.85840E+01  2.18168E+01  7.98943E-01  4.56860E+01  4.90809E+01  2.66405E+01  2.24405E+01
  2.01900E+03  1.10000E+01  2.70000E+01  1.80000E+01  2.20000E+01  0.00000E+00  2.88126E+01  7.51177E-01  6.06500E+01  2.55861E+01  8.64815E-01  4.85340E+01  5.57186E+01  2.93693E+01  2.63493E+01
  2.01900E+03  1.10000E+01  2.70000E+01  1.80000E+01  2.40000E+01  0.00000E+00  3.32070E+01  8.04664E-01  6.62750E+01  2.73653E+01  8.74874E-01  5.08640E+01  6.20413E+01  3.38926E+01  2.81485E+01
  2.01900E+03  1.10000E+01  2.70000E+01  1.80000E+01  2.60000E+01  0.00000E+00  2.76025E+01  7.50526E-01  6.07450E+01  2.34595E+01  8.10867E-01  4.81740E+01  5.22551E+01  2.81490E+01  2.41062E+01
  2.01900E+03  1.10000E+01  2.70000E+01  1.80000E+01  2.80000E+01  0.00000E+00  2.30134E+01  6.86599E-01  5.50550E+01  2.06318E+01  7.68597E-01  4.50300E+01  4.46134E+01  2.33876E+01  2.12259E+01
  2.01900E+03  1.10000E+01  2.70000E+01  1.80000E+01  3.00000E+01  0.00000E+00  2.36008E+01  6.84911E-01  5.55680E+01  2.15367E+01  7.86344E-01  4.52660E+01  4.61976E+01  2.40234E+01  2.21742E+01
  2.01900E+03  1.10000E+01  2.70000E+01  1.80000E+01  3.20000E+01  0.00000E+00  2.62665E+01  7.19987E-01  5.87620E+01  2.35488E+01  8.16471E-01  4.73200E+01  5.09831E+01  2.67490E+01  2.42340E+01
  2.01900E+03  1.10000E+01  2.70000E+01  1.80000E+01  3.40000E+01  0.00000E+00  2.70331E+01  7.28553E-01  5.95450E+01  2.44909E+01  8.29282E-01  4.82380E+01  5.27037E+01  2.75046E+01  2.51993E+01
  2.01900E+03  1.10000E+01  2.70000E+01  1.80000E+01  3.60000E+01  0.00000E+00  2.87542E+01  7.50720E-01  6.17060E+01  2.52887E+01  8.35996E-01  4.91890E+01  5.52578E+01  2.92512E+01  2.60068E+01
  2.01900E+03  1.10000E+01  2.70000E+01  1.80000E+01  3.80000E+01  0.00000E+00  2.84343E+01  7.32790E-01  6.11650E+01  2.61811E+01  8.47861E-01  4.96490E+01  5.58751E+01  2.89346E+01  2.69406E+01
  2.01900E+03  1.10000E+01  2.70000E+01  1.80000E+01  4.00000E+01  0.00000E+00  3.11688E+01  7.71387E-01  6.46270E+01  2.74907E+01  8.60508E-01  5.12330E+01  6.00060E+01  3.17343E+01  2.82716E+01
  2.01900E+03  1.10000E+01  2.70000E+01  1.80000E+01  4.20000E+01  0.00000E+00  3.00388E+01  7.60719E-01  6.35110E+01  2.68870E+01  8.46912E-01  5.11090E+01  5.82147E+01  3.05464E+01  2.76682E+01
  2.01900E+03  1.10000E+01  2.70000E+01  1.80000E+01  4.40000E+01  0.00000E+00  2.88555E+01  7.42902E-01  6.24230E+01  2.60739E+01  8.33049E-01  5.02420E+01  5.61799E+01  2.93694E+01  2.68104E+01
  2.01900E+03  1.10000E+01  2.70000E+01  1.80000E+01  4.60000E+01  0.00000E+00  2.72827E+01  7.30959E-01  6.10090E+01  2.43958E+01  8.07472E-01  4.89510E+01  5.28174E+01  2.77342E+01  2.50832E+01
  2.01900E+03  1.10000E+01  2.70000E+01  1.80000E+01  4.80000E+01  0.00000E+00  2.90612E+01  7.37452E-01  6.24960E+01  2.60972E+01  8.34579E-01  4.99370E+01  5.64384E+01  2.96010E+01  2.68375E+01
  2.01900E+03  1.10000E+01  2.70000E+01  1.80000E+01  5.00000E+01  0.00000E+00  3.00965E+01  7.51462E-01  6.37500E+01  2.68338E+01  8.44301E-01  5.07880E+01  5.81937E+01  3.06164E+01  2.75776E+01
  2.01900E+03  1.10000E+01  2.70000E+01  1.80000E+01  5.20000E+01  0.00000E+00  3.31302E+01  7.89271E-01  6.69160E+01  2.85406E+01  8.64311E-01  5.25050E+01  6.30365E+01  3.37233E+01  2.93129E+01
  2.01900E+03  1.10000E+01  2.70000E+01  1.80000E+01  5.40000E+01  0.00000E+00  2.37285E+01  7.00960E-01  5.79780E+01  2.01485E+01  7.36741E-01  4.59300E+01  4.47521E+01  2.40902E+01  2.06619E+01
  2.01900E+03  1.10000E+01  2.70000E+01  1.80000E+01  5.60000E+01  0.00000E+00  1.80746E+01  5.96923E-01  5.00830E+01  1.55888E+01  6.61928E-01  4.01790E+01  3.43579E+01  1.83638E+01  1.59943E+01
  2.01900E+03  1.10000E+01  2.70000E+01  1.80000E+01  5.80000E+01  0.00000E+00  1.64195E+01  5.65309E-01  4.76857E+01  1.39083E+01  6.38996E-01  3.77990E+01  3.09196E+01  1.66631E+01  1.42565E+01
  2.01900E+03  1.10000E+01  2.70000E+01  1.90000E+01  0.00000E+00  0.00000E+00  1.70024E+01  5.73306E-01  4.83344E+01  1.40794E+01  6.57178E-01  3.76630E+01  3.17562E+01  1.73456E+01  1.44107E+01
  2.01900E+03  1.10000E+01  2.70000E+01  1.90000E+01  2.00000E+00  0.00000E+00  1.63337E+01  5.65872E-01  4.72424E+01  1.37342E+01  6.63054E-01  3.67280E+01  3.06434E+01  1.66084E+01  1.40352E+01
  2.01900E+03  1.10000E+01  2.70000E+01  1.90000E+01  4.00000E+00  0.00000E+00  1.68655E+01  5.84294E-01  4.79676E+01  1.40519E+01  6.78835E-01  3.66460E+01  3.14197E+01  1.70741E+01  1.43457E+01
  2.01900E+03  1.10000E+01  2.70000E+01  1.90000E+01  6.00000E+00  0.00000E+00  1.73263E+01  5.96660E-01  4.86079E+01  1.46944E+01  6.98401E-01  3.70360E+01  3.25109E+01  1.75094E+01  1.50015E+01
  2.01900E+03  1.10000E+01  2.70000E+01  1.90000E+01  8.00000E+00  0.00000E+00  1.70238E+01  6.11657E-01  4.77877E+01  1.51330E+01  7.09753E-01  3.75250E+01  3.26241E+01  1.71789E+01  1.54453E+01
  2.01900E+03  1.10000E+01  2.70000E+01  1.90000E+01  1.00000E+01  0.00000E+00  1.60788E+01  5.98254E-01  4.65014E+01  1.44727E+01  6.94446E-01  3.65220E+01  3.10101E+01  1.62377E+01  1.47725E+01
  2.01900E+03  1.10000E+01  2.70000E+01  1.90000E+01  1.20000E+01  0.00000E+00  1.55722E+01  5.91443E-01  4.55942E+01  1.41657E+01  6.84798E-01  3.59170E+01  3.01435E+01  1.56722E+01  1.44714E+01
  2.01900E+03  1.10000E+01  2.70000E+01  1.90000E+01  1.40000E+01  0.00000E+00  1.80285E+01  6.25601E-01  4.88164E+01  1.63000E+01  7.25060E-01  3.83560E+01  3.48333E+01  1.81565E+01  1.66769E+01
  2.01900E+03  1.10000E+01  2.70000E+01  1.90000E+01  1.60000E+01  0.00000E+00  1.90138E+01  6.36429E-01  5.02902E+01  1.71100E+01  7.35015E-01  3.98070E+01  3.66883E+01  1.91705E+01  1.75178E+01
  2.01900E+03  1.10000E+01  2.70000E+01  1.90000E+01  1.80000E+01  0.00000E+00  2.08731E+01  6.55403E-01  5.25554E+01  1.90151E+01  7.66044E-01  4.17240E+01  4.06092E+01  2.11135E+01  1.94960E+01
  2.01900E+03  1.10000E+01  2.70000E+01  1.90000E+01  2.00000E+01  0.00000E+00  2.19602E+01  6.73337E-01  5.40350E+01  1.96618E+01  7.70618E-01  4.30010E+01  4.23796E+01  2.22138E+01  2.01658E+01
  2.01900E+03  1.10000E+01  2.70000E+01  1.90000E+01  2.20000E+01  0.00000E+00  2.17417E+01  6.55589E-01  5.34380E+01  2.05535E+01  7.79566E-01  4.35180E+01  4.31556E+01  2.20408E+01  2.11150E+01
  2.01900E+03  1.10000E+01  2.70000E+01  1.90000E+01  2.40000E+01  0.00000E+00  2.40006E+01  7.00337E-01  5.73110E+01  2.12958E+01  7.80418E-01  4.50000E+01  4.62156E+01  2.43523E+01  2.18634E+01
  2.01900E+03  1.10000E+01  2.70000E+01  1.90000E+01  2.60000E+01  0.00000E+00  2.01766E+01  6.34701E-01  5.26900E+01  1.87733E+01  7.32397E-01  4.23460E+01  3.97741E+01  2.04948E+01  1.92793E+01
  2.01900E+03  1.10000E+01  2.70000E+01  1.90000E+01  2.80000E+01  0.00000E+00  2.15169E+01  6.50171E-01  5.44330E+01  1.98803E+01  7.49435E-01  4.32800E+01  4.22957E+01  2.18854E+01  2.04103E+01
