# Data printout from CCMC-simulation: version 1D-1.3
# Data type:  LFM  Magnetosphere
# Run name:   Espen_Fredrick_050723_20
# Missing data:  -1.09951e+12
# year mo dy hr mi se JrPHI_N I_N DPhi_N JrPHI_S I_S DPhi_S Wdiss Wdiss_N Wdiss_S 
# year mo day hour min s GW MA kV GW MA kV GW GW GW 
  2.01900E+03  1.10000E+01  2.70000E+01  1.70000E+01  0.00000E+00  0.00000E+00  2.77908E+00  5.44675E-01  1.70786E+01  4.54500E+00  7.08815E-01  1.82683E+01  7.49494E+00  2.77849E+00  4.71646E+00
  2.01900E+03  1.10000E+01  2.70000E+01  1.70000E+01  2.00000E+00  0.00000E+00  2.66157E+00  5.30029E-01  1.71553E+01  4.37063E+00  6.94159E-01  1.82529E+01  7.19615E+00  2.66074E+00  4.53541E+00
  2.01900E+03  1.10000E+01  2.70000E+01  1.70000E+01  4.00000E+00  0.00000E+00  2.78225E+00  5.31150E-01  1.74632E+01  4.33395E+00  6.90466E-01  1.80448E+01  7.28501E+00  2.78588E+00  4.49913E+00
  2.01900E+03  1.10000E+01  2.70000E+01  1.70000E+01  6.00000E+00  0.00000E+00  2.76014E+00  5.12310E-01  1.65484E+01  4.36272E+00  6.94000E-01  1.82940E+01  7.31280E+00  2.77248E+00  4.54031E+00
  2.01900E+03  1.10000E+01  2.70000E+01  1.70000E+01  8.00000E+00  0.00000E+00  2.14213E+00  4.74741E-01  1.57683E+01  3.81792E+00  6.48738E-01  1.78069E+01  6.15673E+00  2.14975E+00  4.00699E+00
  2.01900E+03  1.10000E+01  2.70000E+01  1.70000E+01  1.00000E+01  0.00000E+00  2.71269E+00  5.10151E-01  1.62786E+01  4.32866E+00  6.89769E-01  1.81912E+01  7.20888E+00  2.71144E+00  4.49743E+00
  2.01900E+03  1.10000E+01  2.70000E+01  1.70000E+01  1.20000E+01  0.00000E+00  2.18486E+00  4.76882E-01  1.56661E+01  3.70122E+00  6.36536E-01  1.72029E+01  6.04035E+00  2.17395E+00  3.86640E+00
  2.01900E+03  1.10000E+01  2.70000E+01  1.70000E+01  1.40000E+01  0.00000E+00  2.19653E+00  4.82016E-01  1.61700E+01  3.71198E+00  6.47876E-01  1.80751E+01  5.98803E+00  2.15848E+00  3.82955E+00
  2.01900E+03  1.10000E+01  2.70000E+01  1.70000E+01  1.60000E+01  0.00000E+00  3.27372E+00  5.12358E-01  2.00399E+01  4.78360E+00  6.97378E-01  2.05623E+01  8.12051E+00  3.24564E+00  4.87487E+00
  2.01900E+03  1.10000E+01  2.70000E+01  1.70000E+01  1.80000E+01  0.00000E+00  3.16470E+00  5.28152E-01  1.85474E+01  5.57938E+00  7.39179E-01  2.06914E+01  8.87452E+00  3.14193E+00  5.73258E+00
  2.01900E+03  1.10000E+01  2.70000E+01  1.70000E+01  2.00000E+01  0.00000E+00  4.20631E+00  5.41882E-01  2.46591E+01  8.16614E+00  7.92449E-01  2.87285E+01  1.25940E+01  4.22091E+00  8.37318E+00
  2.01900E+03  1.10000E+01  2.70000E+01  1.70000E+01  2.20000E+01  0.00000E+00  8.91481E+00  6.28190E-01  4.05657E+01  1.28134E+01  8.93857E-01  3.71923E+01  2.20921E+01  9.04018E+00  1.30519E+01
  2.01900E+03  1.10000E+01  2.70000E+01  1.70000E+01  2.40000E+01  0.00000E+00  1.34228E+01  6.90059E-01  5.07150E+01  1.59609E+01  9.46203E-01  4.26040E+01  2.98161E+01  1.35761E+01  1.62400E+01
  2.01900E+03  1.10000E+01  2.70000E+01  1.70000E+01  2.60000E+01  0.00000E+00  1.56843E+01  7.21552E-01  5.73769E+01  1.93230E+01  9.97980E-01  4.72808E+01  3.55031E+01  1.59156E+01  1.95877E+01
  2.01900E+03  1.10000E+01  2.70000E+01  1.70000E+01  2.80000E+01  0.00000E+00  1.72104E+01  7.26222E-01  6.06043E+01  2.42512E+01  1.03551E+00  5.35404E+01  4.20525E+01  1.74963E+01  2.45562E+01
  2.01900E+03  1.10000E+01  2.70000E+01  1.70000E+01  3.00000E+01  0.00000E+00  1.77223E+01  7.58236E-01  6.08637E+01  2.92156E+01  1.13945E+00  5.85565E+01  4.75188E+01  1.79908E+01  2.95280E+01
  2.01900E+03  1.10000E+01  2.70000E+01  1.70000E+01  3.20000E+01  0.00000E+00  1.66139E+01  7.88550E-01  5.63041E+01  2.79549E+01  1.16582E+00  5.64330E+01  4.50968E+01  1.68077E+01  2.82891E+01
  2.01900E+03  1.10000E+01  2.70000E+01  1.70000E+01  3.40000E+01  0.00000E+00  1.95389E+01  7.96553E-01  5.95605E+01  3.17074E+01  1.18435E+00  6.04800E+01  5.19184E+01  1.98400E+01  3.20787E+01
  2.01900E+03  1.10000E+01  2.70000E+01  1.70000E+01  3.60000E+01  0.00000E+00  2.81813E+01  8.69014E-01  7.30228E+01  4.20363E+01  1.28051E+00  7.01529E+01  7.12732E+01  2.88327E+01  4.24407E+01
  2.01900E+03  1.10000E+01  2.70000E+01  1.70000E+01  3.80000E+01  0.00000E+00  3.58421E+01  9.41915E-01  8.57338E+01  4.51653E+01  1.31859E+00  7.27672E+01  8.22635E+01  3.66511E+01  4.56128E+01
  2.01900E+03  1.10000E+01  2.70000E+01  1.70000E+01  4.00000E+01  0.00000E+00  4.41157E+01  1.00009E+00  9.48105E+01  5.33224E+01  1.41203E+00  7.81580E+01  9.88763E+01  4.50516E+01  5.38249E+01
  2.01900E+03  1.10000E+01  2.70000E+01  1.70000E+01  4.20000E+01  0.00000E+00  4.71769E+01  1.04814E+00  9.74776E+01  5.71688E+01  1.45098E+00  8.05730E+01  1.05800E+02  4.81014E+01  5.76986E+01
  2.01900E+03  1.10000E+01  2.70000E+01  1.70000E+01  4.40000E+01  0.00000E+00  5.42024E+01  1.09395E+00  1.03994E+02  6.60429E+01  1.55050E+00  8.68439E+01  1.21994E+02  5.53125E+01  6.66815E+01
  2.01900E+03  1.10000E+01  2.70000E+01  1.70000E+01  4.60000E+01  0.00000E+00  6.01360E+01  1.14951E+00  1.09746E+02  7.58442E+01  1.63166E+00  9.39444E+01  1.37759E+02  6.12293E+01  7.65304E+01
  2.01900E+03  1.10000E+01  2.70000E+01  1.70000E+01  4.80000E+01  0.00000E+00  6.17116E+01  1.16837E+00  1.11210E+02  7.81181E+01  1.68346E+00  9.51592E+01  1.41575E+02  6.28455E+01  7.87306E+01
  2.01900E+03  1.10000E+01  2.70000E+01  1.70000E+01  5.00000E+01  0.00000E+00  6.39308E+01  1.19517E+00  1.13281E+02  8.03994E+01  1.72537E+00  9.61719E+01  1.46182E+02  6.50812E+01  8.11012E+01
  2.01900E+03  1.10000E+01  2.70000E+01  1.70000E+01  5.20000E+01  0.00000E+00  6.30352E+01  1.20175E+00  1.12744E+02  8.31967E+01  1.78006E+00  9.74022E+01  1.47957E+02  6.40685E+01  8.38888E+01
  2.01900E+03  1.10000E+01  2.70000E+01  1.70000E+01  5.40000E+01  0.00000E+00  6.73252E+01  1.24756E+00  1.14803E+02  8.63589E+01  1.80859E+00  9.91666E+01  1.55534E+02  6.84574E+01  8.70774E+01
  2.01900E+03  1.10000E+01  2.70000E+01  1.70000E+01  5.60000E+01  0.00000E+00  6.24530E+01  1.27795E+00  1.10458E+02  8.12207E+01  1.81629E+00  9.60103E+01  1.44884E+02  6.32287E+01  8.16553E+01
  2.01900E+03  1.10000E+01  2.70000E+01  1.70000E+01  5.80000E+01  0.00000E+00  5.81728E+01  1.29495E+00  1.05225E+02  7.94806E+01  1.87360E+00  9.34737E+01  1.38364E+02  5.86940E+01  7.96704E+01
  2.01900E+03  1.10000E+01  2.70000E+01  1.80000E+01  0.00000E+00  0.00000E+00  5.61893E+01  1.31176E+00  1.01599E+02  7.61382E+01  1.86301E+00  9.06363E+01  1.33042E+02  5.66583E+01  7.63839E+01
  2.01900E+03  1.10000E+01  2.70000E+01  1.80000E+01  2.00000E+00  0.00000E+00  6.29840E+01  1.39171E+00  1.09599E+02  8.09300E+01  1.93044E+00  9.39356E+01  1.44596E+02  6.34023E+01  8.11935E+01
  2.01900E+03  1.10000E+01  2.70000E+01  1.80000E+01  4.00000E+00  0.00000E+00  6.52979E+01  1.46175E+00  1.12133E+02  8.31074E+01  1.96009E+00  9.59269E+01  1.48799E+02  6.54285E+01  8.33711E+01
  2.01900E+03  1.10000E+01  2.70000E+01  1.80000E+01  6.00000E+00  0.00000E+00  6.70209E+01  1.52060E+00  1.13920E+02  8.66281E+01  2.05381E+00  9.68835E+01  1.53565E+02  6.68182E+01  8.67469E+01
  2.01900E+03  1.10000E+01  2.70000E+01  1.80000E+01  8.00000E+00  0.00000E+00  6.88829E+01  1.53800E+00  1.15891E+02  8.86764E+01  2.11950E+00  9.85437E+01  1.57471E+02  6.86606E+01  8.88110E+01
  2.01900E+03  1.10000E+01  2.70000E+01  1.80000E+01  1.00000E+01  0.00000E+00  7.98834E+01  1.63134E+00  1.23588E+02  9.59340E+01  2.18567E+00  1.04268E+02  1.76275E+02  8.01372E+01  9.61379E+01
  2.01900E+03  1.10000E+01  2.70000E+01  1.80000E+01  1.20000E+01  0.00000E+00  7.87398E+01  1.68749E+00  1.21485E+02  9.65727E+01  2.19668E+00  1.06279E+02  1.75836E+02  7.90084E+01  9.68279E+01
  2.01900E+03  1.10000E+01  2.70000E+01  1.80000E+01  1.40000E+01  0.00000E+00  8.75129E+01  1.70711E+00  1.27660E+02  1.05733E+02  2.27904E+00  1.12406E+02  1.94368E+02  8.81439E+01  1.06225E+02
  2.01900E+03  1.10000E+01  2.70000E+01  1.80000E+01  1.60000E+01  0.00000E+00  9.31955E+01  1.75955E+00  1.31078E+02  1.16767E+02  2.34586E+00  1.18673E+02  2.11370E+02  9.39689E+01  1.17402E+02
  2.01900E+03  1.10000E+01  2.70000E+01  1.80000E+01  1.80000E+01  0.00000E+00  8.87343E+01  1.75312E+00  1.29109E+02  1.20139E+02  2.38955E+00  1.21835E+02  2.10320E+02  8.94292E+01  1.20890E+02
  2.01900E+03  1.10000E+01  2.70000E+01  1.80000E+01  2.00000E+01  0.00000E+00  8.62807E+01  1.74636E+00  1.27536E+02  1.20306E+02  2.41485E+00  1.22344E+02  2.07992E+02  8.69075E+01  1.21085E+02
  2.01900E+03  1.10000E+01  2.70000E+01  1.80000E+01  2.20000E+01  0.00000E+00  8.75665E+01  1.76294E+00  1.26187E+02  1.22606E+02  2.45350E+00  1.23221E+02  2.11699E+02  8.81729E+01  1.23526E+02
  2.01900E+03  1.10000E+01  2.70000E+01  1.80000E+01  2.40000E+01  0.00000E+00  8.76681E+01  1.76995E+00  1.26209E+02  1.21231E+02  2.41892E+00  1.23558E+02  2.10548E+02  8.82630E+01  1.22286E+02
  2.01900E+03  1.10000E+01  2.70000E+01  1.80000E+01  2.60000E+01  0.00000E+00  8.88440E+01  1.78374E+00  1.26508E+02  1.24601E+02  2.48256E+00  1.24562E+02  2.15017E+02  8.93715E+01  1.25646E+02
  2.01900E+03  1.10000E+01  2.70000E+01  1.80000E+01  2.80000E+01  0.00000E+00  8.95219E+01  1.77438E+00  1.26849E+02  1.23923E+02  2.50233E+00  1.24159E+02  2.15195E+02  9.02516E+01  1.24943E+02
  2.01900E+03  1.10000E+01  2.70000E+01  1.80000E+01  3.00000E+01  0.00000E+00  9.22414E+01  1.81119E+00  1.28057E+02  1.25147E+02  2.53231E+00  1.24254E+02  2.19165E+02  9.29626E+01  1.26203E+02
  2.01900E+03  1.10000E+01  2.70000E+01  1.80000E+01  3.20000E+01  0.00000E+00  9.22520E+01  1.81069E+00  1.28699E+02  1.21665E+02  2.49898E+00  1.23075E+02  2.15776E+02  9.30013E+01  1.22775E+02
  2.01900E+03  1.10000E+01  2.70000E+01  1.80000E+01  3.40000E+01  0.00000E+00  8.99768E+01  1.78440E+00  1.27199E+02  1.23563E+02  2.51387E+00  1.22083E+02  2.15624E+02  9.07975E+01  1.24826E+02
  2.01900E+03  1.10000E+01  2.70000E+01  1.80000E+01  3.60000E+01  0.00000E+00  9.72609E+01  1.81851E+00  1.30794E+02  1.31298E+02  2.56388E+00  1.25129E+02  2.31128E+02  9.83477E+01  1.32780E+02
  2.01900E+03  1.10000E+01  2.70000E+01  1.80000E+01  3.80000E+01  0.00000E+00  9.94389E+01  1.85503E+00  1.35689E+02  1.34624E+02  2.59495E+00  1.28935E+02  2.37050E+02  1.00756E+02  1.36295E+02
  2.01900E+03  1.10000E+01  2.70000E+01  1.80000E+01  4.00000E+01  0.00000E+00  9.17274E+01  1.83446E+00  1.31309E+02  1.26433E+02  2.57483E+00  1.26523E+02  2.20853E+02  9.28824E+01  1.27970E+02
  2.01900E+03  1.10000E+01  2.70000E+01  1.80000E+01  4.20000E+01  0.00000E+00  8.60341E+01  1.80580E+00  1.24956E+02  1.18974E+02  2.53110E+00  1.21668E+02  2.07623E+02  8.70916E+01  1.20532E+02
  2.01900E+03  1.10000E+01  2.70000E+01  1.80000E+01  4.40000E+01  0.00000E+00  7.86635E+01  1.74945E+00  1.20177E+02  1.12592E+02  2.49423E+00  1.18569E+02  1.93829E+02  7.97016E+01  1.14127E+02
  2.01900E+03  1.10000E+01  2.70000E+01  1.80000E+01  4.60000E+01  0.00000E+00  6.61611E+01  1.68110E+00  1.10571E+02  1.03887E+02  2.44276E+00  1.12977E+02  1.72273E+02  6.69941E+01  1.05280E+02
  2.01900E+03  1.10000E+01  2.70000E+01  1.80000E+01  4.80000E+01  0.00000E+00  5.89604E+01  1.60680E+00  1.02409E+02  1.02656E+02  2.45763E+00  1.10508E+02  1.63802E+02  5.97453E+01  1.04057E+02
  2.01900E+03  1.10000E+01  2.70000E+01  1.80000E+01  5.00000E+01  0.00000E+00  5.49712E+01  1.61242E+00  9.61390E+01  1.01414E+02  2.51421E+00  1.09921E+02  1.58359E+02  5.56186E+01  1.02741E+02
  2.01900E+03  1.10000E+01  2.70000E+01  1.80000E+01  5.20000E+01  0.00000E+00  5.22844E+01  1.60019E+00  9.27005E+01  9.51198E+01  2.50760E+00  1.05045E+02  1.49110E+02  5.28588E+01  9.62512E+01
  2.01900E+03  1.10000E+01  2.70000E+01  1.80000E+01  5.40000E+01  0.00000E+00  4.86095E+01  1.56382E+00  8.71834E+01  8.83097E+01  2.42697E+00  1.00002E+02  1.38391E+02  4.90763E+01  8.93148E+01
  2.01900E+03  1.10000E+01  2.70000E+01  1.80000E+01  5.60000E+01  0.00000E+00  5.17504E+01  1.61088E+00  8.94038E+01  8.89509E+01  2.41764E+00  9.96488E+01  1.42242E+02  5.22242E+01  9.00177E+01
  2.01900E+03  1.10000E+01  2.70000E+01  1.80000E+01  5.80000E+01  0.00000E+00  5.57679E+01  1.63622E+00  9.26759E+01  8.96814E+01  2.40226E+00  1.00062E+02  1.47208E+02  5.64874E+01  9.07209E+01
  2.01900E+03  1.10000E+01  2.70000E+01  1.90000E+01  0.00000E+00  0.00000E+00  6.02853E+01  1.65719E+00  9.86642E+01  9.43673E+01  2.39547E+00  1.03730E+02  1.56707E+02  6.11772E+01  9.55298E+01
  2.01900E+03  1.10000E+01  2.70000E+01  1.90000E+01  2.00000E+00  0.00000E+00  6.69067E+01  1.69213E+00  1.04866E+02  9.67789E+01  2.38564E+00  1.06231E+02  1.66216E+02  6.79743E+01  9.82416E+01
  2.01900E+03  1.10000E+01  2.70000E+01  1.90000E+01  4.00000E+00  0.00000E+00  7.04450E+01  1.71960E+00  1.08460E+02  9.37301E+01  2.34055E+00  1.05678E+02  1.66644E+02  7.14932E+01  9.51506E+01
  2.01900E+03  1.10000E+01  2.70000E+01  1.90000E+01  6.00000E+00  0.00000E+00  7.19449E+01  1.68833E+00  1.10975E+02  9.24720E+01  2.30524E+00  1.04762E+02  1.66875E+02  7.30518E+01  9.38234E+01
  2.01900E+03  1.10000E+01  2.70000E+01  1.90000E+01  8.00000E+00  0.00000E+00  7.26112E+01  1.65808E+00  1.14542E+02  9.64778E+01  2.33618E+00  1.07237E+02  1.71634E+02  7.37391E+01  9.78946E+01
  2.01900E+03  1.10000E+01  2.70000E+01  1.90000E+01  1.00000E+01  0.00000E+00  7.38886E+01  1.65394E+00  1.16043E+02  9.57650E+01  2.33831E+00  1.06879E+02  1.72131E+02  7.49473E+01  9.71841E+01
  2.01900E+03  1.10000E+01  2.70000E+01  1.90000E+01  1.20000E+01  0.00000E+00  7.25566E+01  1.61115E+00  1.16174E+02  9.76270E+01  2.33993E+00  1.08309E+02  1.72623E+02  7.35948E+01  9.90285E+01
  2.01900E+03  1.10000E+01  2.70000E+01  1.90000E+01  1.40000E+01  0.00000E+00  7.37561E+01  1.61110E+00  1.19234E+02  1.01252E+02  2.37742E+00  1.11062E+02  1.77530E+02  7.48241E+01  1.02706E+02
  2.01900E+03  1.10000E+01  2.70000E+01  1.90000E+01  1.60000E+01  0.00000E+00  6.87160E+01  1.57952E+00  1.14811E+02  9.62517E+01  2.32089E+00  1.09033E+02  1.67151E+02  6.96071E+01  9.75439E+01
  2.01900E+03  1.10000E+01  2.70000E+01  1.90000E+01  1.80000E+01  0.00000E+00  6.59848E+01  1.52350E+00  1.13824E+02  9.68733E+01  2.30918E+00  1.08971E+02  1.65029E+02  6.68933E+01  9.81354E+01
  2.01900E+03  1.10000E+01  2.70000E+01  1.90000E+01  2.00000E+01  0.00000E+00  6.44927E+01  1.51786E+00  1.12244E+02  9.62982E+01  2.29627E+00  1.09114E+02  1.62922E+02  6.53497E+01  9.75722E+01
  2.01900E+03  1.10000E+01  2.70000E+01  1.90000E+01  2.20000E+01  0.00000E+00  6.07572E+01  1.50298E+00  1.08369E+02  9.39701E+01  2.27096E+00  1.06940E+02  1.56736E+02  6.14886E+01  9.52480E+01
  2.01900E+03  1.10000E+01  2.70000E+01  1.90000E+01  2.40000E+01  0.00000E+00  5.96165E+01  1.50738E+00  1.07555E+02  9.42103E+01  2.26115E+00  1.06358E+02  1.55930E+02  6.03801E+01  9.55499E+01
  2.01900E+03  1.10000E+01  2.70000E+01  1.90000E+01  2.60000E+01  0.00000E+00  5.94142E+01  1.52895E+00  1.06058E+02  9.70897E+01  2.29979E+00  1.07058E+02  1.58601E+02  6.01370E+01  9.84647E+01
  2.01900E+03  1.10000E+01  2.70000E+01  1.90000E+01  2.80000E+01  0.00000E+00  5.92285E+01  1.54347E+00  1.02304E+02  9.31293E+01  2.27576E+00  1.04006E+02  1.54346E+02  5.99863E+01  9.43601E+01
  2.01900E+03  1.10000E+01  2.70000E+01  1.90000E+01  2.80000E+01  0.00000E+00  5.92285E+01  1.54347E+00  1.02304E+02  9.31293E+01  2.27576E+00  1.04006E+02  1.54346E+02  5.99863E+01  9.43601E+01
