2019 11 27 17 0 0 0 -3.068 -0.813 3.159 -382.901 36.026 2.881 4.16 49906.9
2019 11 27 17 1 0 0 -3.277 -0.583 3.18 -381.201 36.461 1.627 3.823 49153.5
2019 11 27 17 2 0 0 -3.455 -0.336 3.09 -382.023 35.803 1.924 3.754 49589.3
2019 11 27 17 3 0 0 -3.563 -0.38 3.08 -382.401 35.876 2.279 3.799 52265.5
2019 11 27 17 4 0 0 -3.73 -0.043 2.838 -382.057 36.338 2.575 3.974 55481.7
2019 11 27 17 5 0 0 -4.04 0.828 2.374 -379.116 30.537 4.817 4.281 59219.4
2019 11 27 17 6 0 0 -4.102 1.065 2.152 -375.517 23.128 7.477 4.644 63575.7
2019 11 27 17 7 0 0 -4.064 1.115 2.073 -375.552 22.437 7.385 4.612 63134.3
2019 11 27 17 8 0 0 -4.026 1.165 1.995 -375.587 21.745 7.294 4.581 62692.8
2019 11 27 17 9 0 0 -3.988 1.216 1.917 -375.622 21.053 7.203 4.549 62251.4
2019 11 27 17 10 0 0 -3.95 1.266 1.838 -375.657 20.362 7.112 4.517 61809.9
2019 11 27 17 11 0 0 -3.912 1.317 1.76 -375.692 19.67 7.02 4.485 61368.5
2019 11 27 17 12 0 0 -3.874 1.367 1.682 -375.727 18.978 6.929 4.453 60927.1
2019 11 27 17 13 0 0 -3.836 1.417 1.603 -375.762 18.287 6.838 4.421 60485.6
2019 11 27 17 14 0 0 -3.798 1.468 1.525 -375.797 17.595 6.746 4.389 60044.2
2019 11 27 17 15 0 0 -3.76 1.518 1.447 -375.831 16.903 6.655 4.357 59602.7
2019 11 27 17 16 0 0 -3.722 1.569 1.368 -375.866 16.212 6.564 4.325 59161.3
2019 11 27 17 17 0 0 -3.684 1.619 1.29 -375.901 15.52 6.473 4.293 58719.8
2019 11 27 17 18 0 0 -3.646 1.669 1.212 -375.936 14.828 6.381 4.261 58278.4
2019 11 27 17 19 0 0 -3.608 1.72 1.133 -375.971 14.137 6.29 4.229 57837
2019 11 27 17 20 0 0 -3.57 1.77 1.055 -376.006 13.445 6.199 4.197 57395.5
2019 11 27 17 21 0 0 -3.533 1.821 0.976 -376.041 12.753 6.107 4.165 56954.1
2019 11 27 17 22 0 0 -3.495 1.871 0.898 -376.076 12.061 6.016 4.133 56512.6
2019 11 27 17 23 0 0 -3.457 1.922 0.82 -376.111 11.37 5.925 4.101 56071.2
2019 11 27 17 24 0 0 -3.419 1.972 0.741 -376.146 10.678 5.834 4.069 55629.7
2019 11 27 17 25 0 0 -3.381 2.022 0.663 -376.181 9.986 5.742 4.038 55188.3
2019 11 27 17 26 0 0 -3.382 2.263 0.403 -376.643 14.822 5.846 4.122 63551.3
2019 11 27 17 27 0 0 -2.859 3.009 0.21 -378.357 19.183 5.992 4.23 68542
2019 11 27 17 28 0 0 -1.655 3.809 -0.045 -381.938 15.582 8.222 4.302 58186.4
2019 11 27 17 29 0 0 -0.575 4.035 -1.125 -387.238 14.691 14.854 4.595 53568.1
2019 11 27 17 30 0 0 0.095 4.215 -1.597 -389.905 14.728 17.568 4.749 52555.1
2019 11 27 17 31 0 0 -0.293 4.233 -1.491 -385.254 13.513 16.275 4.936 49083.7
2019 11 27 17 32 0 0 -1.339 3.89 -1.233 -380.26 12.136 15.203 4.989 49922.1
2019 11 27 17 33 0 0 -1.404 3.779 -1.021 -380.715 14.011 14.573 4.702 55712.6
2019 11 27 17 34 0 0 -1.491 3.742 -1.261 -379.271 13.681 15.543 4.595 56260.4
2019 11 27 17 35 0 0 -2.019 3.56 -1.535 -376.921 13.86 15.116 4.674 56791.9
2019 11 27 17 36 0 0 -1.478 3.784 -1.968 -381.063 14.638 19.611 4.78 53749.3
2019 11 27 17 37 0 0 -0.825 3.748 -2.327 -386.35 14.384 25.566 4.693 53754.6
2019 11 27 17 38 0 0 -0.312 3.535 -2.66 -386.062 16.073 24.471 4.78 52137.5
2019 11 27 17 39 0 0 -0.078 3.58 -2.776 -384.685 15.757 23.407 4.76 50206.4
2019 11 27 17 40 0 0 0.11 3.387 -2.993 -389.978 15.943 24.314 4.772 46649.9
2019 11 27 17 41 0 0 0.057 3.228 -3.051 -394.6 18.964 26.777 5.228 42192.4
2019 11 27 17 42 0 0 -0.051 3.167 -2.856 -392.385 19.045 28.378 4.974 44449.3
2019 11 27 17 43 0 0 -0.068 3.073 -2.777 -393.598 18.49 26.135 5.011 48225.5
2019 11 27 17 44 0 0 0.307 3.134 -3.093 -393.879 17.29 26.721 5.252 51597.2
2019 11 27 17 45 0 0 0.595 3.251 -3.453 -390.653 15.315 30.236 4.75 52460.3
2019 11 27 17 46 0 0 0.43 3.375 -3.41 -393.11 17.989 29.991 4.886 45070
2019 11 27 17 47 0 0 0.614 3.216 -3.514 -392.811 18.722 30.341 5.058 44657
2019 11 27 17 48 0 0 0.344 3.157 -3.519 -392.051 18.139 30.894 5.152 46911.5
2019 11 27 17 49 0 0 0.558 3.067 -3.451 -394.202 18.545 29.247 5.329 44186.9
2019 11 27 17 50 0 0 1.41 3.167 -2.907 -399.497 20.084 28.364 5.475 40668.8
2019 11 27 17 51 0 0 1.98 3.154 -2.635 -403.887 21.889 28.145 5.547 38845.7
2019 11 27 17 52 0 0 2.116 2.762 -3.048 -404.1 22.35 28.154 5.59 39703
2019 11 27 17 53 0 0 2.009 2.665 -3.227 -403.234 20.971 28.389 5.661 39384
2019 11 27 17 54 0 0 1.783 2.718 -3.289 -402.4 19.643 28.614 5.73 39077
2019 11 27 17 55 0 0 1.85 3.169 -2.784 -401.325 17.526 27.079 5.817 43279.5
2019 11 27 17 56 0 0 2.121 3.495 -2.421 -400.3 15.508 25.614 5.9 47287
2019 11 27 17 57 0 0 2.099 3.445 -2.641 -401.109 15.374 26.352 5.86 41154.2
2019 11 27 17 58 0 0 2.065 3.359 -2.82 -401.9 15.243 27.073 5.82 35159
2019 11 27 17 59 0 0 2.185 3.325 -2.79 -401.8 17.438 27.524 5.76 37007.5
2019 11 27 18 0 0 0 2.36 3.582 -2.213 -402.206 18.68 25.727 5.682 39294.1
2019 11 27 18 1 0 0 2.542 3.878 -1.352 -403.317 17.142 22.146 5.577 41259.4
2019 11 27 18 2 0 0 2.572 3.976 -0.969 -403.66 15.896 20.324 5.465 42880.8
2019 11 27 18 3 0 0 2.441 4.047 -1.075 -402.444 14.125 19.265 5.505 41250.1
2019 11 27 18 4 0 0 2.456 4.116 -1.151 -402.368 13.209 17.853 5.393 41051
2019 11 27 18 5 0 0 2.709 4.057 -1.366 -403.322 14.832 17.949 5.196 42466.9
2019 11 27 18 6 0 0 2.843 3.885 -1.766 -403.266 17.981 20.535 5.199 42646.9
2019 11 27 18 7 0 0 2.694 3.871 -1.926 -403.348 18.793 19.975 5.186 42843.9
2019 11 27 18 8 0 0 2.414 3.767 -2.154 -402.414 17.79 18.168 5.414 43063.8
2019 11 27 18 9 0 0 2.235 3.411 -2.715 -399.724 18.191 20.279 5.621 43988
2019 11 27 18 10 0 0 2.232 2.913 -3.185 -399.951 19.924 25.538 5.969 43623.2
2019 11 27 18 11 0 0 2.347 2.868 -3.059 -401.264 21.912 27.468 5.965 42342.4
2019 11 27 18 12 0 0 2.233 3.027 -2.972 -401.267 22.718 25.322 5.692 42556.9
2019 11 27 18 13 0 0 1.834 3.11 -3.026 -399.6 21.211 24.772 6.306 42798.6
2019 11 27 18 14 0 0 1.961 3.259 -2.747 -397.401 20.008 26.562 7.041 41551.3
2019 11 27 18 15 0 0 2.146 3.437 -2.532 -398.082 17.882 24.419 6.297 39907.6
2019 11 27 18 16 0 0 2.194 3.486 -2.564 -399.002 16.626 22.244 5.535 40353.5
2019 11 27 18 17 0 0 2.083 3.303 -2.757 -398.313 17.141 22.94 5.496 42211.5
2019 11 27 18 18 0 0 1.92 3.289 -2.818 -397.028 17.19 24.867 5.257 41718.7
2019 11 27 18 19 0 0 1.774 3.284 -2.974 -397.76 16.704 26.141 5.041 37916.6
2019 11 27 18 20 0 0 1.511 2.996 -3.386 -399.093 15.547 27.681 5.269 37686.3
2019 11 27 18 21 0 0 1.517 2.936 -3.484 -396.496 16.291 30.976 5.544 39997.8
2019 11 27 18 22 0 0 1.599 3.013 -3.446 -396.638 15.347 30.928 5.487 41512.2
2019 11 27 18 23 0 0 1.563 3.115 -3.396 -397.658 15.062 31.172 5.452 42467.9
2019 11 27 18 24 0 0 1.41 3.109 -3.404 -396.991 16.407 32.506 5.485 42139
2019 11 27 18 25 0 0 1.431 3.279 -3.249 -396.083 14.982 30.726 5.49 42579.6
2019 11 27 18 26 0 0 1.63 3.341 -3.153 -395.512 13.71 29.225 5.501 43021.5
2019 11 27 18 27 0 0 1.74 3.065 -3.334 -396.844 14.167 29.458 5.691 43707.1
2019 11 27 18 28 0 0 1.491 3.087 -3.325 -394.837 14.534 30.421 5.644 43699.4
2019 11 27 18 29 0 0 1.266 3.104 -3.34 -392.76 14.595 31.072 5.51 43318.4
2019 11 27 18 30 0 0 1.542 2.673 -3.612 -397.445 20.202 32.816 5.573 42372.7
2019 11 27 18 31 0 0 1.74 2.51 -3.695 -400.275 22.794 33.447 5.596 41527.1
2019 11 27 18 32 0 0 1.703 2.71 -3.558 -399.144 19.986 32.294 5.553 41256
2019 11 27 18 33 0 0 1.667 2.909 -3.422 -398.013 17.178 31.14 5.51 40984.9
2019 11 27 18 34 0 0 1.601 2.973 -3.393 -397.5 15.894 30.623 5.49 40862
2019 11 27 18 35 0 0 1.637 2.889 -3.464 -396.398 18.689 31.141 5.407 39600
2019 11 27 18 36 0 0 1.896 3.243 -3.133 -396.482 19.016 29.621 5.324 39232.4
2019 11 27 18 37 0 0 2.015 3.629 -2.804 -398.427 16.749 27.246 5.128 39038
2019 11 27 18 38 0 0 1.931 3.56 -2.782 -399.459 14.607 26.332 5.165 37041.3
2019 11 27 18 39 0 0 1.759 2.388 -3.388 -399.3 12.755 26.035 5.44 35840.9
2019 11 27 18 40 0 0 1.681 2.232 -3.647 -400.181 16.143 25.786 5.589 38154.2
2019 11 27 18 41 0 0 1.835 3.274 -2.712 -399.952 17.47 24.114 5.59 41493.9
2019 11 27 18 42 0 0 1.899 3.74 -2.006 -399.229 15.502 21.588 5.497 45090.1
2019 11 27 18 43 0 0 1.056 3.963 -0.975 -399.54 14.835 20.229 5.538 47954.6
2019 11 27 18 44 0 0 -0.36 4.207 0.834 -397.33 13.793 18.242 5.357 47334.1
2019 11 27 18 45 0 0 -1.081 4.257 1.746 -390.532 10.922 12.792 4.778 43986.6
2019 11 27 18 46 0 0 -1.536 4.297 2.33 -386.1 9.047 9.24 4.4 41804
2019 11 27 18 47 0 0 -1.436 4.328 2.236 -385.994 8.686 9.242 4.534 42463.5
2019 11 27 18 48 0 0 -1.133 4.402 1.892 -385.762 8.106 9.233 4.776 43685.9
2019 11 27 18 49 0 0 -0.971 4.391 1.614 -385.779 8.077 8.442 4.81 44148.9
2019 11 27 18 50 0 0 -1.098 4.355 1.494 -385.476 8.551 8.515 5.044 42723.4
2019 11 27 18 51 0 0 -0.842 4.519 1.353 -384.9 9.501 10.232 5.28 39883.6
2019 11 27 18 52 0 0 -0.618 4.575 1.468 -385.396 8.243 9.89 5.294 42327.7
2019 11 27 18 53 0 0 -0.649 4.574 1.319 -386.088 6.576 9.396 5.253 44514.9
2019 11 27 18 54 0 0 -0.295 4.629 0.844 -387.758 6.784 10.788 5.318 44326.6
2019 11 27 18 55 0 0 0.37 4.69 0.001 -390.999 6.873 13.351 5.521 44502.3
2019 11 27 18 56 0 0 0.83 4.635 -0.657 -392.964 6.258 14.373 5.555 43114.2
2019 11 27 18 57 0 0 1.112 4.467 -1.052 -395.182 8.018 16.751 5.63 43679.6
2019 11 27 18 58 0 0 1.206 4.243 -1.329 -397.757 10.312 21.467 5.748 47971.6
2019 11 27 18 59 0 0 1.293 4.125 -1.481 -398.494 10.814 23.873 5.766 49557.5
2019 11 27 19 0 0 0 1.283 4.17 -1.486 -398.084 10.666 23.635 5.708 47981.4
2019 11 27 19 1 0 0 1.183 4.255 -1.522 -396.981 9.486 23.532 5.618 49672.5
2019 11 27 19 2 0 0 1.149 4.226 -1.461 -396.4 8.858 23.481 5.57 50563
2019 11 27 19 3 0 0 1.184 4.147 -1.379 -396.514 9.482 23.139 5.547 51293
2019 11 27 19 4 0 0 1.214 4.162 -1.399 -396.767 10.879 22.378 5.497 52908.1
2019 11 27 19 5 0 0 1.273 4.237 -1.4 -397.664 9.759 22.838 5.919 47409.3
2019 11 27 19 6 0 0 1.399 4.271 -1.543 -398.057 10.407 23.434 6.09 43574.7
2019 11 27 19 7 0 0 1.863 4.005 -2.047 -398.365 10.821 23.868 5.857 46808.8
2019 11 27 19 8 0 0 2.357 3.404 -2.645 -399.682 12.18 24.84 5.908 43186.5
2019 11 27 19 9 0 0 2.508 3.082 -2.766 -400.2 15.389 25.033 5.87 39954
2019 11 27 19 10 0 0 2.54 3.084 -2.665 -402.403 15.952 26.472 5.98 44029.2
2019 11 27 19 11 0 0 2.48 3.05 -2.715 -404.4 16.461 27.778 6.08 47725
2019 11 27 19 12 0 0 2.476 3.035 -2.704 -403.029 15.62 28.356 5.948 45586.8
2019 11 27 19 13 0 0 2.541 3.061 -2.629 -401.7 14.803 28.916 5.82 43514
2019 11 27 19 14 0 0 2.363 3.219 -2.652 -402.503 14.718 27.964 6.104 44739.1
2019 11 27 19 15 0 0 1.966 3.532 -2.649 -403.2 14.643 27.138 6.35 45803
2019 11 27 19 16 0 0 1.83 3.685 -2.64 -401.755 14.021 24.89 5.827 41960.7
2019 11 27 19 17 0 0 1.93 3.665 -2.66 -399.141 12.798 23.478 5.476 38993
2019 11 27 19 18 0 0 1.966 3.659 -2.665 -397.04 12.005 24.655 5.746 41317.8
2019 11 27 19 19 0 0 2.017 3.607 -2.734 -397.321 11.965 24.677 5.819 41152.3
2019 11 27 19 20 0 0 1.718 3.711 -2.578 -396.875 11.721 23.56 5.737 41544.2
2019 11 27 19 21 0 0 1.085 3.979 -2.174 -394.157 11.031 21.884 5.598 44666.3
2019 11 27 19 22 0 0 0.452 4.248 -1.769 -391.439 10.341 20.208 5.459 47788.5
2019 11 27 19 23 0 0 1.16 3.862 -2.219 -390.1 9.995 19.385 5.39 49326
2019 11 27 19 24 0 0 1.857 3.574 -2.403 -396.614 11.494 22.531 5.484 47451.5
2019 11 27 19 25 0 0 1.419 3.997 -1.648 -402.6 12.91 25.419 5.57 45729
2019 11 27 19 26 0 0 0.794 4.47 -0.998 -401.163 12.318 25.003 5.62 46221.7
2019 11 27 19 27 0 0 0.582 4.442 -1.133 -397.167 10.529 23.847 5.758 47591.6
2019 11 27 19 28 0 0 0.369 4.413 -1.267 -393.171 8.74 22.69 5.895 48961.5
2019 11 27 19 29 0 0 0.456 4.307 -1.636 -391.3 7.893 22.096 5.96 49603
2019 11 27 19 30 0 0 0.57 4.245 -1.915 -396.665 9.711 23.535 5.702 44485.8
2019 11 27 19 31 0 0 0.16 4.363 -1.582 -402.1 11.557 25.039 5.44 39301
2019 11 27 19 32 0 0 -0.312 4.474 -1.142 -395.777 9.904 21.73 5.503 40615.4
2019 11 27 19 33 0 0 -0.567 4.544 -1.121 -388 7.876 17.658 5.58 42232
2019 11 27 19 34 0 0 -0.449 4.539 -1.257 -391.63 7.829 20.283 5.657 43390.3
2019 11 27 19 35 0 0 -0.368 4.482 -1.4 -392.632 7.979 20.818 5.625 43606.3
2019 11 27 19 36 0 0 -0.768 4.553 -1.29 -389.55 8.129 18.77 5.49 42207.9
2019 11 27 19 37 0 0 -0.765 4.56 -1.31 -389.65 8.001 19.617 5.47 41630.3
2019 11 27 19 38 0 0 -0.762 4.567 -1.33 -389.75 7.872 20.464 5.45 41052.7
2019 11 27 19 39 0 0 -0.822 4.549 -1.428 -389.8 7.802 20.89 5.44 40764