2015 3 16 4 20 0 0 0 -3.886 7.226 -348.026 3.938 -13.803 26.272 29569.1
2015 3 16 4 21 0 0 0 -4.565 7.164 -346.986 2.807 -14.52 26.104 28031.6
2015 3 16 4 22 0 0 0 -5.929 6.419 -346.613 5.898 -13.138 25.869 29350.6
2015 3 16 4 23 0 0 0 -6.345 6.206 -345.968 7.487 -13.029 25.399 29714.6
2015 3 16 4 24 0 0 0 -6.561 6.231 -345.113 8.402 -13.606 24.77 29593.4
2015 3 16 4 25 0 0 0 -6.76 6.069 -344.8 8.732 -13.822 24.54 29549
2015 3 16 4 26 0 0 0 -6.97 5.843 -344.8 8.721 -13.828 24.54 29549
2015 3 16 4 27 0 0 0 -7.437 5.499 -344.155 8.887 -12.975 24.688 30297.8
2015 3 16 4 28 0 0 0 -8.179 4.827 -343.8 8.974 -12.509 24.77 30710
2015 3 16 4 29 0 0 0 -8.743 3.795 -341.236 9.865 -7.96 23.913 28631.1
2015 3 16 4 30 0 0 0 -8.274 2.963 -340 10.292 -5.772 23.5 27629
2015 3 16 4 31 0 0 0 -4.69 3.822 -342.628 10.698 -6.156 25.099 33352.7
2015 3 16 4 32 0 0 0 -2.485 4.816 -343.754 10.36 -6.352 26.36 36965.4
2015 3 16 4 33 0 0 0 -3.638 4.107 -344.669 6.938 -6.805 30.693 45674.3
2015 3 16 4 34 0 0 0 -5.23 1.584 -345.836 -0.373 -8.015 32.196 42943
2015 3 16 4 35 0 0 0 -6.302 -0.501 -345.383 -1.507 -7.317 32.23 40776.8
2015 3 16 4 36 0 0 0 -6.459 -0.63 -346.593 -5.513 -9.093 32.048 36799.7
2015 3 16 4 37 0 0 0 -6.144 -0.384 -346.847 -6.675 -12.834 31.626 34233.4
2015 3 16 4 38 0 0 0 -5.988 -0.454 -346.8 -6.665 -13.801 31.51 33782
2015 3 16 4 39 0 0 0 -4.359 1.354 -345.887 -6.235 -8.24 34.483 35391.4
2015 3 16 4 40 0 0 0 -4.284 1.688 -345.446 -6.098 -5.964 35.59 36061.7
2015 3 16 4 41 0 0 0 -4.339 1.535 -345.315 -7.285 -1.165 36.931 38642.1
2015 3 16 4 42 0 0 0 -4.307 1.685 -346.301 -7.842 -3.701 35.498 34669
2015 3 16 4 43 0 0 0 -4.369 1.349 -344.427 -6.764 -1.399 36.137 39704.8
2015 3 16 4 44 0 0 0 -4.58 1.377 -344.1 -6.564 -0.539 36.394 41749.4
2015 3 16 4 45 0 0 0 -4.279 0.247 -346.668 -8.215 -3.1 35.582 36813.3
2015 3 16 4 46 0 0 0 -2.631 -1.504 -344.154 -6.631 0.935 36.102 38282.6
2015 3 16 4 47 0 0 0 -2.802 -0.672 -345.585 -5.607 -0.432 36.488 36987.7
2015 3 16 4 48 0 0 0 -2.084 -2.175 -347.294 -4.99 -4.455 35.353 33126.9
2015 3 16 4 49 0 0 0 -1.782 -2.706 -347.32 -4.83 -4.74 35.289 32995.8
2015 3 16 4 50 0 0 0 -1.432 -1.577 -344.861 -4.26 -1.296 36.482 38029
2015 3 16 4 51 0 0 0 -0.464 -3.581 -345.596 -4.181 -1.917 36.779 35885.7
2015 3 16 4 52 0 0 0 -0.726 -3.975 -346.685 -4.283 -2.927 36.77 32769.7
2015 3 16 4 53 0 0 0 -0.696 -3.896 -345.673 -1.377 -2.923 37.017 32250.9
2015 3 16 4 54 0 0 0 0.686 -4.863 -344.134 3.662 -3.274 38.487 31349.5
2015 3 16 4 55 0 0 0 0.646 -5.081 -344.465 3.594 -3.881 37.586 32232.4
2015 3 16 4 56 0 0 0 0.606 -5.3 -344.796 3.526 -4.488 36.686 33115.3
2015 3 16 4 57 0 0 0 0.604 -5.443 -345.092 3.445 -4.981 35.864 33907.5
2015 3 16 4 58 0 0 0 1.023 -4.829 -344.972 3.18 -4.011 35.92 33660.9
2015 3 16 4 59 0 0 0 1.544 -5.072 -344.75 2.494 -0.795 35.952 33247.9
2015 3 16 5 0 0 0 0 1.03 -5.002 -346.282 3.254 -2.86 34.956 35721.6
2015 3 16 5 1 0 0 0 0.746 -5.19 -343.778 3.853 -0.49 36.549 31902
2015 3 16 5 2 0 0 0 0.19 -4.745 -342.606 3.305 -0.288 37.103 32261.3
2015 3 16 5 3 0 0 0 0.552 -5.106 -341.21 2.666 -0.143 37.648 32653.4
2015 3 16 5 4 0 0 0 0.858 -5.62 -341.8 2.432 0.008 36.96 31966.9
2015 3 16 5 5 0 0 0 1.107 -6.04 -342.344 1.746 -0.787 35.563 32449.3
2015 3 16 5 6 0 0 0 1.74 -7.002 -345.839 3.174 -5.751 31.54 32439.8
2015 3 16 5 7 0 0 0 1.991 -7.138 -346.3 3.309 -6.086 31.792 33141
2015 3 16 5 8 0 0 0 2.104 -7.097 -346.304 3.286 -5.976 31.871 33057.5
2015 3 16 5 9 0 0 0 2.02 -6.929 -346.353 3.506 -5.617 31.228 30670.1
2015 3 16 5 10 0 0 0 1.929 -6.769 -346.4 3.714 -5.278 30.62 28410
2015 3 16 5 11 0 0 0 1.725 -6.74 -346.4 3.71 -5.281 30.62 28410
2015 3 16 5 12 0 0 0 1.635 -6.558 -346.351 3.656 -5.265 30.704 28484.8
2015 3 16 5 13 0 0 0 1.553 -6.522 -345.534 2.804 -4.955 32.108 29743.3
2015 3 16 5 14 0 0 0 1.414 -6.454 -344.8 2.039 -4.676 33.37 30874
2015 3 16 5 15 0 0 0 0.822 -6.123 -344.8 2.035 -4.677 33.37 30874
2015 3 16 5 16 0 0 0 0.914 -6.055 -344.775 1.977 -4.623 33.409 30845.2
2015 3 16 5 17 0 0 0 1.68 -6.111 -344.468 1.313 -3.957 33.879 30497.7
2015 3 16 5 18 0 0 0 2.349 -6.16 -344.2 0.733 -3.374 34.29 30194
2015 3 16 5 19 0 0 0 2.381 -6.183 -344.2 0.73 -3.374 34.29 30194
2015 3 16 5 20 0 0 0 2.672 -6.331 -344.237 0.765 -3.432 34.277 30287.9
2015 3 16 5 21 0 0 0 2.762 -6.264 -344.51 1.041 -3.856 34.18 30981.5
2015 3 16 5 22 0 0 0 2.851 -6.197 -344.783 1.317 -4.28 34.083 31675
2015 3 16 5 23 0 0 0 2.94 -6.13 -345.057 1.593 -4.704 33.986 32368.5
2015 3 16 5 24 0 0 0 3.002 -6.052 -345.289 1.819 -5.057 33.924 32966
2015 3 16 5 25 0 0 0 2.84 -5.885 -345.189 1.644 -4.832 34.146 32784
2015 3 16 5 26 0 0 0 2.679 -5.718 -345.09 1.469 -4.607 34.367 32602
2015 3 16 5 27 0 0 0 2.517 -5.551 -344.99 1.294 -4.381 34.589 32420
2015 3 16 5 28 0 0 0 2.401 -5.368 -344.9 1.127 -4.181 34.795 32254.3
2015 3 16 5 29 0 0 0 2.742 -5.049 -344.643 0.419 -4.111 35.297 32182.3
2015 3 16 5 30 0 0 0 2.997 -5.023 -342.929 -3.924 -3.294 38.755 31720
2015 3 16 5 31 0 0 0 2.628 -5.393 -344.148 -2.067 -3.154 38.765 31911.2
2015 3 16 5 32 0 0 0 2.288 -6.05 -345.334 -0.632 -2.885 38.997 32511.3
2015 3 16 5 33 0 0 0 2.388 -6.157 -347.4 0.811 -2.045 40.46 34587
2015 3 16 5 34 0 0 0 2.239 -5.944 -347.458 0.755 -2.067 40.497 34626.9
2015 3 16 5 35 0 0 0 2.515 -5.829 -347.876 0.365 -2.22 40.761 34911.5
2015 3 16 5 36 0 0 0 2.791 -5.713 -348.293 -0.026 -2.373 41.026 35196.2
2015 3 16 5 37 0 0 0 3.068 -5.598 -348.711 -0.416 -2.525 41.29 35480.8
2015 3 16 5 38 0 0 0 3.344 -5.483 -349.128 -0.806 -2.678 41.555 35765.5
2015 3 16 5 39 0 0 0 3.613 -5.364 -349.5 -1.154 -2.814 41.79 36019
2015 3 16 5 40 0 0 0 3.811 -5.22 -349.693 -1.003 -1.881 42.381 36741.8
2015 3 16 5 41 0 0 0 3.905 -5.139 -351.255 0.067 5.382 47.098 42379.2
2015 3 16 5 42 0 0 0 4.004 -5.096 -350.759 -2.217 -0.351 44.766 38028.1
2015 3 16 5 43 0 0 0 4.371 -4.807 -350.39 -3.394 -3.891 43.376 35495
2015 3 16 5 44 0 0 0 4.104 -5.019 -350.3 -1.558 -3.177 43.95 37060
2015 3 16 5 45 0 0 0 3.213 -5.594 -350.3 -1.56 -3.176 43.95 37060
2015 3 16 5 46 0 0 0 3.031 -5.704 -350.347 -1.537 -3.186 44.04 36994.3
2015 3 16 5 47 0 0 0 3.48 -5.363 -350.692 -1.348 -3.27 44.701 36509.7
2015 3 16 5 48 0 0 0 3.901 -5.074 -351 -1.18 -3.345 45.29 36078
2015 3 16 5 49 0 0 0 4.041 -5.175 -351.085 -1.151 -3.061 45.248 35924.6
2015 3 16 5 50 0 0 0 3.786 -5.048 -351.818 -0.887 -0.604 44.887 34592.8
2015 3 16 5 51 0 0 0 3.531 -4.934 -352.5 -0.641 1.682 44.55 33354
2015 3 16 5 52 0 0 0 3.191 -5.02 -352.529 -0.692 1.616 44.581 33361.2
2015 3 16 5 53 0 0 0 1.964 -5.438 -352.926 -1.409 0.707 45.008 33460.1
2015 3 16 5 54 0 0 0 0.898 -5.842 -353.3 -2.083 -0.148 45.41 33553
2015 3 16 5 55 0 0 0 2.231 -6.016 -353.25 -1.926 -0.025 45.194 33583
2015 3 16 5 56 0 0 0 1.863 -5.966 -352.603 0.093 1.534 42.418 33968.1
2015 3 16 5 57 0 0 0 1.503 -5.904 -352 1.974 2.987 39.83 34327
2015 3 16 5 58 0 0 0 1.471 -5.626 -352.02 1.605 2.666 40.375 34529.7
2015 3 16 5 59 0 0 0 3.829 -4.794 -352.271 -3.468 -1.778 47.881 37415.8
2015 3 16 6 0 0 0 0 -0.009 -3.989 -352.003 -3.061 -2.101 47.89 38282.8
2015 3 16 6 1 0 0 0 -4.605 -5.198 -347.397 -22.687 -16.695 36.767 34665.5
2015 3 16 6 2 0 0 0 -4.251 -4.461 -351.487 -8.08 -1.576 32.535 44611.7
2015 3 16 6 3 0 0 0 -6.799 -3.739 -351.973 -2.588 1.889 33.146 51915.6
2015 3 16 6 4 0 0 0 -8.897 -4.842 -352.614 -2.661 1.177 33.026 54895.6
2015 3 16 6 5 0 0 0 -9.473 -5.719 -355.49 -5.864 -1.596 31.014 53578.1
2015 3 16 6 6 0 0 0 -9.759 -5.568 -356.226 -8.708 0.144 30.33 54977.6
2015 3 16 6 7 0 0 0 -9.74 -5.636 -355.708 -9.672 2.241 30.524 56595.2
2015 3 16 6 8 0 0 0 -9.787 -5.419 -356.223 -9.7 1.244 29.376 52262.2
2015 3 16 6 9 0 0 0 -9.732 -5.368 -358.097 -8.956 -0.388 29.576 49610.8
2015 3 16 6 10 0 0 0 -9.854 -5.617 -358.207 -8.965 -3.118 29.512 49774.7
2015 3 16 6 11 0 0 0 -10.164 -5.399 -357.307 -9.673 -3.709 29.015 51192.4
2015 3 16 6 12 0 0 0 -11.178 -4.863 -356.271 -11.424 1.401 29.229 57762.6
2015 3 16 6 13 0 0 0 -12.284 -4.66 -356.205 -8.241 10.487 24.948 68201.7
2015 3 16 6 14 0 0 0 -11.975 -5.8 -358.407 3.278 19.048 14.785 78162.8
2015 3 16 6 15 0 0 0 -7.207 -11.069 -361.912 11.333 8.378 14.613 76488.2
2015 3 16 6 16 0 0 0 -5.71 -12.125 -364.567 17.201 0.03 14.545 75170
2015 3 16 6 17 0 0 0 -6.673 -11.51 -365.835 19.746 -3.158 14.019 75158.7
2015 3 16 6 18 0 0 0 -6.889 -11.216 -366.734 21.437 -4.919 13.687 75679
2015 3 16 6 19 0 0 0 -6.839 -10.887 -366.695 19.905 -7.479 14.457 81003.6
2015 3 16 6 20 0 0 0 -8.453 -9.793 -367.223 17.665 -11.796 15.373 88229.9