2019 11 27 17 0 0 0 0 -0.644 3.204 -381.057 36.585 1.587 3.836 49181.9
2019 11 27 17 1 0 0 0 -0.333 3.085 -381.906 35.878 1.856 3.762 49298.6
2019 11 27 17 2 0 0 0 -0.364 3.096 -382.452 35.68 2.237 3.758 51493.8
2019 11 27 17 3 0 0 0 -0.234 2.926 -382.126 36.486 2.512 3.967 55389.3
2019 11 27 17 4 0 0 0 0.76 2.432 -380.261 32.777 3.961 4.161 57771.6
2019 11 27 17 5 0 0 0 1.057 2.164 -375.512 23.233 7.491 4.649 63642.7
2019 11 27 17 6 0 0 0 1.107 2.085 -375.547 22.542 7.399 4.617 63201.3
2019 11 27 17 7 0 0 0 1.158 2.007 -375.582 21.85 7.308 4.585 62759.9
2019 11 27 17 8 0 0 0 1.208 1.929 -375.617 21.158 7.217 4.553 62318.4
2019 11 27 17 9 0 0 0 1.259 1.85 -375.651 20.467 7.125 4.522 61877
2019 11 27 17 10 0 0 0 1.309 1.772 -375.686 19.775 7.034 4.49 61435.6
2019 11 27 17 11 0 0 0 1.359 1.694 -375.721 19.084 6.943 4.458 60994.2
2019 11 27 17 12 0 0 0 1.41 1.615 -375.756 18.392 6.852 4.426 60552.8
2019 11 27 17 13 0 0 0 1.46 1.537 -375.791 17.7 6.76 4.394 60111.4
2019 11 27 17 14 0 0 0 1.511 1.459 -375.826 17.009 6.669 4.362 59670
2019 11 27 17 15 0 0 0 1.561 1.38 -375.861 16.317 6.578 4.33 59228.6
2019 11 27 17 16 0 0 0 1.611 1.302 -375.896 15.625 6.486 4.298 58787.2
2019 11 27 17 17 0 0 0 1.662 1.223 -375.931 14.934 6.395 4.266 58345.8
2019 11 27 17 18 0 0 0 1.712 1.145 -375.966 14.242 6.304 4.234 57904.4
2019 11 27 17 19 0 0 0 1.763 1.067 -376.001 13.551 6.213 4.202 57463
2019 11 27 17 20 0 0 0 1.813 0.988 -376.036 12.859 6.121 4.17 57021.6
2019 11 27 17 21 0 0 0 1.863 0.91 -376.071 12.167 6.03 4.138 56580.1
2019 11 27 17 22 0 0 0 1.914 0.832 -376.106 11.476 5.939 4.106 56138.7
2019 11 27 17 23 0 0 0 1.964 0.753 -376.141 10.784 5.847 4.074 55697.3
2019 11 27 17 24 0 0 0 2.015 0.675 -376.175 10.092 5.756 4.042 55255.9
2019 11 27 17 25 0 0 0 2.19 0.477 -376.492 13.043 5.793 4.087 60615.6
2019 11 27 17 26 0 0 0 2.835 0.181 -377.938 19.975 6.009 4.237 70647.7
2019 11 27 17 27 0 0 0 3.771 0.132 -381.069 15.729 7.135 4.254 58943.9
2019 11 27 17 28 0 0 0 3.995 -0.936 -386.309 14.847 13.692 4.544 54377.5
2019 11 27 17 29 0 0 0 4.195 -1.676 -390.13 14.469 18.133 4.759 51762.9
2019 11 27 17 30 0 0 0 4.253 -1.432 -386.893 14.355 16.077 4.846 51555.8
2019 11 27 17 31 0 0 0 3.981 -1.363 -380.429 11.851 15.706 5.048 47558.1
2019 11 27 17 32 0 0 0 3.712 -0.943 -380.357 13.682 14.206 4.733 56436.6
2019 11 27 17 33 0 0 0 3.832 -1.267 -380.192 14.177 15.629 4.597 55229.2
2019 11 27 17 34 0 0 0 3.533 -1.446 -376.794 13.356 15.167 4.649 57567.1
2019 11 27 17 35 0 0 0 3.741 -1.918 -379.936 14.854 18.219 4.771 53968.6
2019 11 27 17 36 0 0 0 3.818 -2.255 -385.788 14.196 25.096 4.738 53463
2019 11 27 17 37 0 0 0 3.537 -2.617 -386.762 15.662 25.365 4.701 53031.1
2019 11 27 17 38 0 0 0 3.564 -2.774 -384.566 16.174 23.042 4.828 50108.5
2019 11 27 17 39 0 0 0 3.464 -2.923 -388.338 15.518 24.334 4.709 47907
2019 11 27 17 40 0 0 0 3.205 -3.105 -394.6 18.252 25.793 5.12 42549.3
2019 11 27 17 41 0 0 0 3.217 -2.874 -393.292 19.822 28.843 5.201 43119.3
2019 11 27 17 42 0 0 0 3.061 -2.789 -392.336 17.984 26.522 4.791 48072.3
2019 11 27 17 43 0 0 0 3.122 -2.923 -395.674 18.643 25.846 5.473 50204.5
2019 11 27 17 44 0 0 0 3.221 -3.462 -390.371 14.952 29.732 4.75 53219.8
2019 11 27 17 45 0 0 0 3.359 -3.417 -392.48 17.359 30.574 4.836 47048.6
2019 11 27 17 46 0 0 0 3.295 -3.466 -393.578 19.092 29.602 5.043 42767.2
2019 11 27 17 47 0 0 0 3.119 -3.552 -391.742 18.06 31.25 5.132 47549.1
2019 11 27 17 48 0 0 0 3.131 -3.447 -393.713 18.47 29.52 5.284 44598.2
2019 11 27 17 49 0 0 0 3.071 -3.114 -397.964 19.577 28.444 5.462 41608.9
2019 11 27 17 50 0 0 0 3.283 -2.497 -403.8 21.696 28.144 5.53 38494
2019 11 27 17 51 0 0 0 2.796 -3.014 -404.1 22.355 28.15 5.59 39703
2019 11 27 17 52 0 0 0 2.671 -3.186 -403.602 21.553 28.292 5.631 39519.5
2019 11 27 17 53 0 0 0 2.691 -3.301 -402.4 19.647 28.612 5.73 39077
2019 11 27 17 54 0 0 0 3.015 -2.973 -401.751 18.361 27.69 5.783 41614.9
2019 11 27 17 55 0 0 0 3.513 -2.384 -400.3 15.512 25.612 5.9 47287
2019 11 27 17 56 0 0 0 3.447 -2.589 -400.783 15.425 26.057 5.876 43624.3
2019 11 27 17 57 0 0 0 3.393 -2.8 -401.9 15.246 27.071 5.82 35159
2019 11 27 17 58 0 0 0 3.306 -2.823 -401.841 16.533 27.341 5.785 36248.3
2019 11 27 17 59 0 0 0 3.493 -2.422 -401.993 19.088 26.67 5.689 39112.4
2019 11 27 18 0 0 0 0 3.854 -1.49 -403.059 17.341 22.619 5.618 40532.7
2019 11 27 18 1 0 0 0 3.961 -0.946 -403.917 16.271 20.547 5.456 43225.5
2019 11 27 18 2 0 0 0 4.032 -1.053 -402.698 14.495 19.486 5.497 41590.8
2019 11 27 18 3 0 0 0 4.102 -1.145 -402.01 13.119 18.261 5.466 40623.4
2019 11 27 18 4 0 0 0 4.12 -1.245 -403.431 14.009 17.093 5.174 42429.4
2019 11 27 18 5 0 0 0 3.877 -1.741 -403.12 17.581 20.495 5.233 42608.5
2019 11 27 18 6 0 0 0 3.893 -1.878 -403.545 19.005 20.355 5.138 42797.5
2019 11 27 18 7 0 0 0 3.789 -2.107 -402.609 18 18.545 5.367 43017.9
2019 11 27 18 8 0 0 0 3.548 -2.517 -400.717 17.755 18.861 5.584 43621.4
2019 11 27 18 9 0 0 0 2.987 -3.169 -399.106 19.635 24.737 5.872 44036.2
2019 11 27 18 10 0 0 0 2.824 -3.119 -401.462 21.41 27.401 6.045 42482
2019 11 27 18 11 0 0 0 3.004 -2.951 -401.081 22.865 26.238 5.727 42341.7
2019 11 27 18 12 0 0 0 3.098 -3.024 -400.426 21.669 24.149 6.032 42901
2019 11 27 18 13 0 0 0 3.22 -2.833 -397.644 20.138 26.338 6.958 41880.7
2019 11 27 18 14 0 0 0 3.404 -2.545 -397.684 18.508 25.296 6.604 40238.4
2019 11 27 18 15 0 0 0 3.5 -2.538 -399.042 16.484 22.216 5.524 39826.7
2019 11 27 18 16 0 0 0 3.363 -2.705 -398.552 17.076 22.684 5.522 41994
2019 11 27 18 17 0 0 0 3.232 -2.847 -397.302 17.237 24.348 5.328 42147.5
2019 11 27 18 18 0 0 0 3.349 -2.876 -397.151 16.855 26.184 5.053 39028.2
2019 11 27 18 19 0 0 0 3.046 -3.319 -399.177 15.86 27.014 5.164 36642.3
2019 11 27 18 20 0 0 0 2.915 -3.505 -397.386 15.749 30.324 5.531 40030.1
2019 11 27 18 21 0 0 0 3.002 -3.444 -395.948 16.058 31.415 5.515 40976.1
2019 11 27 18 22 0 0 0 3.087 -3.417 -397.9 14.524 30.638 5.44 42594.1
2019 11 27 18 23 0 0 0 3.135 -3.384 -397.031 16.368 32.468 5.483 42152.9
2019 11 27 18 24 0 0 0 3.196 -3.321 -396.377 15.528 31.398 5.49 42409.5
2019 11 27 18 25 0 0 0 3.387 -3.127 -395.472 13.711 29.203 5.497 43004.9
2019 11 27 18 26 0 0 0 3.125 -3.292 -396.418 14.009 29.395 5.629 43484.9
2019 11 27 18 27 0 0 0 3.032 -3.362 -395.872 14.53 30.134 5.709 43876.4
2019 11 27 18 28 0 0 0 3.134 -3.311 -392.741 14.578 31.053 5.51 43323.4
2019 11 27 18 29 0 0 0 2.792 -3.543 -395.935 18.391 32.262 5.553 42676.8
2019 11 27 18 30 0 0 0 2.47 -3.722 -400.506 23.369 33.683 5.605 41582.6
2019 11 27 18 31 0 0 0 2.67 -3.586 -399.373 20.554 32.527 5.562 41310.9
2019 11 27 18 32 0 0 0 2.87 -3.449 -398.239 17.74 31.371 5.518 41039.2
2019 11 27 18 33 0 0 0 2.983 -3.381 -397.5 15.898 30.621 5.49 40862
2019 11 27 18 34 0 0 0 2.911 -3.448 -396.8 17.668 30.954 5.437 40059.8
2019 11 27 18 35 0 0 0 3.102 -3.262 -396.138 19.703 30.3 5.33 39000.6
2019 11 27 18 36 0 0 0 3.625 -2.798 -397.998 16.931 27.482 5.204 39376.9
2019 11 27 18 37 0 0 0 3.596 -2.799 -399.522 15.341 26.453 5.056 37518.9
2019 11 27 18 38 0 0 0 2.833 -3.121 -399.3 12.759 26.033 5.44 35841.7
2019 11 27 18 39 0 0 0 1.955 -3.754 -399.869 14.94 25.876 5.536 37333.8
2019 11 27 18 40 0 0 0 3.119 -2.976 -400.316 18.024 24.677 5.636 40936.6
2019 11 27 18 41 0 0 0 3.714 -2.012 -399.13 15.726 22.045 5.486 44162.9
2019 11 27 18 42 0 0 0 3.894 -1.433 -399.522 14.861 20.28 5.534 47803.2
2019 11 27 18 43 0 0 0 4.197 0.651 -398.696 14.37 19.337 5.473 48006.8
2019 11 27 18 44 0 0 0 4.248 1.576 -391.801 11.458 13.81 4.886 44611.7
2019 11 27 18 45 0 0 0 4.293 2.335 -386.1 9.048 9.239 4.4 41804
2019 11 27 18 46 0 0 0 4.319 2.274 -386.048 8.869 9.243 4.466 42126.8
2019 11 27 18 47 0 0 0 4.382 1.989 -385.78 8.072 9.235 4.778 43678.5
2019 11 27 18 48 0 0 0 4.426 1.585 -385.744 8.144 8.793 4.792 43952.9
2019 11 27 18 49 0 0 0 4.319 1.585 -385.656 8.254 7.981 4.97 43608.1
2019 11 27 18 50 0 0 0 4.5 1.293 -384.9 9.502 10.231 5.28 39883.7
2019 11 27 18 51 0 0 0 4.577 1.495 -385.209 8.717 10.021 5.288 41404.2
2019 11 27 18 52 0 0 0 4.573 1.343 -386.053 6.631 9.425 5.275 44825.8
2019 11 27 18 53 0 0 0 4.609 1.005 -387.123 6.626 10.182 5.262 43994
2019 11 27 18 54 0 0 0 4.69 0.141 -390.476 7.032 13.066 5.509 44841.4
2019 11 27 18 55 0 0 0 4.659 -0.559 -392.806 6.314 14.309 5.557 43265.6
2019 11 27 18 56 0 0 0 4.508 -1.003 -394.465 7.247 15.865 5.598 43283.5
2019 11 27 18 57 0 0 0 4.289 -1.269 -397.516 10.258 20.504 5.736 46596.1
2019 11 27 18 58 0 0 0 4.123 -1.485 -398.454 10.663 23.944 5.772 50448.5
2019 11 27 18 59 0 0 0 4.153 -1.479 -398.305 10.903 23.656 5.726 47642.8
2019 11 27 19 0 0 0 0 4.238 -1.515 -397.199 9.72 23.553 5.635 49337.6
2019 11 27 19 1 0 0 0 4.257 -1.494 -396.4 8.861 23.48 5.57 50563
2019 11 27 19 2 0 0 0 4.144 -1.375 -396.465 9.207 23.289 5.557 50975.6
2019 11 27 19 3 0 0 0 4.159 -1.395 -396.717 10.603 22.528 5.507 52589.8
2019 11 27 19 4 0 0 0 4.209 -1.404 -397.344 10.537 22.477 5.731 50070.6
2019 11 27 19 5 0 0 0 4.287 -1.479 -398.241 9.294 23.578 6.223 42279
2019 11 27 19 6 0 0 0 4.095 -1.909 -398.061 11.756 23.552 5.818 46803.3
2019 11 27 19 7 0 0 0 3.555 -2.541 -399.454 10.765 24.758 5.924 44609
2019 11 27 19 8 0 0 0 3.073 -2.809 -400.2 15.392 25.031 5.87 39954
2019 11 27 19 9 0 0 0 3.09 -2.667 -401.567 15.736 25.928 5.938 42483.6
2019 11 27 19 10 0 0 0 3.058 -2.692 -404.4 16.464 27.776 6.08 47725
2019 11 27 19 11 0 0 0 3.033 -2.732 -403.606 15.97 28.115 6.004 46487.2
2019 11 27 19 12 0 0 0 3.053 -2.634 -401.7 14.807 28.915 5.82 43514
2019 11 27 19 13 0 0 0 3.165 -2.64 -402.193 14.748 28.333 5.994 44266.1
2019 11 27 19 14 0 0 0 3.457 -2.661 -403.2 14.647 27.136 6.35 45803
2019 11 27 19 15 0 0 0 3.695 -2.632 -402.346 14.273 25.812 6.041 43534.1
2019 11 27 19 16 0 0 0 3.663 -2.66 -399.623 13.049 23.123 5.403 38619.4
2019 11 27 19 17 0 0 0 3.663 -2.663 -397.407 12.08 24.526 5.709 40767.8
2019 11 27 19 18 0 0 0 3.623 -2.711 -396.915 11.917 24.776 5.823 41668.4
2019 11 27 19 19 0 0 0 3.657 -2.658 -397.415 11.857 23.892 5.765 40924.7
2019 11 27 19 20 0 0 0 3.927 -2.252 -394.681 11.164 22.207 5.625 44064.4
2019 11 27 19 21 0 0 0 4.197 -1.845 -391.948 10.47 20.521 5.485 47204
2019 11 27 19 22 0 0 0 4.049 -1.985 -390.1 9.997 19.384 5.39 49326
2019 11 27 19 23 0 0 0 3.542 -2.499 -394.58 11.024 21.549 5.455 48036.9
2019 11 27 19 24 0 0 0 3.84 -1.875 -402.6 12.894 25.419 5.57 45729
2019 11 27 19 25 0 0 0 4.476 -0.97 -401.992 12.689 25.243 5.591 45937.4
2019 11 27 19 26 0 0 0 4.447 -1.106 -397.964 10.886 24.077 5.73 47318.5
2019 11 27 19 27 0 0 0 4.419 -1.241 -393.935 9.082 22.911 5.869 48699.5
2019 11 27 19 28 0 0 0 4.34 -1.529 -391.3 7.896 22.115 5.96 49603
2019 11 27 19 29 0 0 0 4.24 -1.906 -394.812 9.08 23.023 5.791 46253.3
2019 11 27 19 30 0 0 0 4.314 -1.754 -402.1 11.559 25.037 5.44 39301
2019 11 27 19 31 0 0 0 4.493 -1.103 -399.149 10.781 23.497 5.469 39914.4
2019 11 27 19 32 0 0 0 4.506 -1.157 -388 7.878 17.657 5.58 42232
2019 11 27 19 33 0 0 0 4.579 -1.171 -390.308 7.845 19.328 5.629 42968.4
2019 11 27 19 34 0 0 0 4.456 -1.446 -393.818 7.898 21.753 5.673 44027.5
2019 11 27 19 35 0 0 0 4.552 -1.286 -389.531 8.153 18.615 5.494 42313.1
2019 11 27 19 36 0 0 0 4.559 -1.306 -389.631 8.024 19.462 5.474 41735.7
2019 11 27 19 37 0 0 0 4.565 -1.326 -389.732 7.895 20.309 5.454 41158.2
2019 11 27 19 38 0 0 0 4.557 -1.396 -389.8 7.804 20.889 5.44 40764
2019 11 27 19 39 0 0 0 4.537 -1.55 -389.543 7.733 21.154 5.675 41900.3
2019 11 27 19 40 0 0 0 4.527 -1.639 -389.213 7.826 21.899 5.948 43429.3